100
10898 14217
24813 22377
5362 8264
21809 5541
25444 21990
22950 3615
21500 7078
28904 8732
5007 2436
8085 7490
3531 8096
23982 30785
28364 25198
19563 22110
23011 28077
9526 16410
6020 1141
9405 1571
7112 11382
604 31214
2061 32557
6867 23555
32287 23562
25998 3003
10493 4526
12622 1316
32101 14025
6455 3836
25946 27697
23006 26018
9661 16189
17330 32532
1335 15681
27063 26736
25182 8448
8237 27667
18454 27244
18038 15104
18107 17974
22500 11268
12584 28601
9858 2355
6191 11918
6847 16313
9564 32138
15559 29854
29618 19225
2138 122
26858 30954
6634 29201
24100 19272
13748 14871
29975 9787
27761 31786
10287 15314
11147 17493
19848 22871
2021 21005
4551 26040
25410 8869
5955 14115
572 8201
8323 2805
991 2710
31911 2413
21686 7625
22496 23243
262 2666
1685 19703
2250 28023
12749 11972
2075 13397
1635 32597
25869 4097
12966 6186
20301 18511
26713 18921
21726 20873
23583 2268
4682 22718
30343 22726
13201 26368
29034 20072
7007 13464
8719 30719
9923 9257
22655 21468
21298 11999
16096 24290
30476 14399
143 29062
15215 18009
6114 26856
29124 4173
26891 29697
19655 1038
27406 24467
11771 88
13552 23673
21624 18778
