1000
21735 28215
5394 9627
23133 17807
6065 14558
27964 5756
9724 2451
20598 1576
18918 15172
27564 1314
10808 18563
3966 14763
22722 20970
2966 22685
3439 11413
1289 28740
24187 13652
23279 23024
8064 29582
11372 13644
19400 14129
16580 6568
8144 29124
11529 4411
5725 27062
12857 6325
21088 16533
4735 16824
6741 11043
22456 7702
3674 10181
23833 23746
14002 27861
24675 14344
27988 22066
3428 3279
9847 14620
10977 20008
24419 17991
12286 22506
28831 30145
13910 25143
9199 17151
28194 18646
26348 15941
26122 17883
8861 30022
25115 17187
31531 22863
12162 17023
20302 26751
8603 15590
2830 30150
15373 19580
9318 27250
24627 27659
20035 5381
22533 5769
24415 29234
12407 17959
3074 17995
15249 5761
22948 11935
2031 7597
24620 21711
15694 14193
29783 12154
9536 24298
11110 32613
27095 24910
19801 20429
25810 18954
24724 7068
3535 15575
767 16371
1599 15942
21704 3841
15777 16848
24445 11884
828 17808
32001 16297
28452 16522
8052 29016
28861 5220
30130 19163
6824 23189
9375 17164
24232 32634
15442 1331
17703 27767
10942 16209
20050 19302
3382 32646
11762 3059
20867 27828
11357 12590
29113 20100
16348 7041
12262 4397
23560 12442
2863 9624
26788 30384
30251 12238
13570 18253
13252 12925
29134 31273
17807 24194
24072 16416
19476 21189
16249 3067
15657 7575
27676 27607
1880 12002
16400 11256
23698 14142
23767 7192
4809 26561
6032 17787
3272 2292
15217 19602
18107 16525
7951 11583
27999 3146
24335 32024
2323 14707
22283 7817
2656 17980
29983 17191
28447 4536
18679 13615
20807 19378
13171 9678
27465 25616
27908 19203
6037 30738
14495 10357
21940 24144
27290 22446
21702 17172
31879 18858
26675 24025
9238 21394
5817 29331
1099 6453
20068 1497
20875 19778
29456 8107
956 1278
20482 24154
22124 28864
6454 26519
17896 3851
26297 28394
12798 12418
31276 15232
6489 11910
536 25183
21746 15727
22180 6354
7851 22846
9856 9480
17588 28726
30004 6545
30699 18544
14640 17718
11470 20055
23906 21094
16721 29366
9016 17435
32667 29519
8661 7525
32708 6389
22116 9198
15552 21687
11765 11529
21009 23403
19361 21621
28166 5829
24373 16597
1548 26097
13384 6246
27340 13018
9616 4522
21958 11293
8045 18632
26157 21857
28246 16706
25904 26098
15017 17595
29124 8688
32091 26782
15635 17365
23195 18684
2514 11034
4363 14800
21046 4062
17080 17748
22270 15619
26912 26696
12560 11460
550 2189
18896 5950
32048 28796
13623 12032
20721 14297
8311 9979
27345 20044
5961 23946
2212 17772
32572 8475
12537 6576
24324 20851
3702 29617
23545 13826
25287 30614
36 3337
9287 25837
21865 18932
30964 8567
22864 2721
12700 18917
6194 31175
22354 7277
25049 12155
20630 24566
31142 24854
12937 399
30016 22698
3757 16639
14485 20793
24130 29044
22113 14521
685 650
9217 11210
13931 31650
17799 32082
30489 26632
1141 23993
3380 20075
11874 26191
18277 24010
24409 10248
179 31214
15085 21657
9682 3936
212 29570
11324 1045
1695 22325
767 12009
10891 10912
10226 14699
8563 28691
19916 7948
28023 9704
3127 23297
14539 7129
17378 21404
19850 6181
27838 17557
21493 2167
31738 4753
5798 21705
11262 10294
22303 7493
18405 12029
26728 427
29118 28632
3812 2523
12228 16266
6795 31835
6197 15355
3992 21335
27516 23575
8364 23842
26010 22586
27339 29857
18794 24980
2506 369
7862 30056
9317 24809
25236 26268
22132 3278
5801 21586
5085 25944
25011 18029
617 11880
447 31208
22015 4609
28451 27963
17782 30379
27468 21693
13905 12353
12723 13494
10782 16411
8453 20585
14085 20100
23378 921
22508 3449
29393 29179
14441 27593
6705 21637
20077 15058
19667 7153
2348 9325
6936 15350
4276 20130
32484 1637
15131 18181
1825 12439
256 25914
13246 10278
11199 14342
17791 3856
267 939
28532 14417
3286 14708
29766 2470
9623 23363
32688 16665
32016 11971
32102 6857
8494 3524
21705 31818
11489 23625
16771 23530
1040 11745
26087 30017
1105 12240
13179 11111
25528 1373
16081 8944
11414 28814
19409 13080
29745 21037
240 19330
26187 28993
32517 32342
31392 1913
25538 21455
12217 10113
21859 9542
6791 13258
25498 15178
26289 7897
9270 5909
14853 19049
15095 25351
5663 26267
14536 1737
21067 2641
31634 14777
14351 14486
16399 31384
20071 12976
23089 9169
18711 32288
12778 12180
27359 25503
632 5508
11418 20880
7162 9902
2485 26271
19771 22257
23994 8149
10790 1539
16316 12293
26779 9656
8272 30668
10876 10410
19580 28343
27864 1197
13378 5523
31026 7874
13383 7969
28849 31658
8792 24801
18304 3243
25501 11278
19427 5307
6847 16727
29021 30217
7105 23163
21063 23032
675 15378
10953 31939
369 20255
25778 6049
13924 13747
21716 24037
22927 27307
19340 17797
21041 31720
10230 4876
10184 13774
30501 29657
27106 17031
7426 26754
17019 1443
16821 28490
27661 17694
5181 27775
1056 28030
9009 30959
22228 14980
9519 30725
15755 12388
11340 28859
968 4028
17802 21570
18459 11152
28183 15535
9522 12797
14240 2841
31331 26541
11467 31062
26069 26225
21487 16648
14839 27125
9338 30497
28454 4300
16688 18857
14949 11441
15469 28028
16830 15917
27069 503
16039 2521
15318 22484
25325 25561
19334 29558
27852 23889
17346 30801
14681 21153
15511 6065
3794 29520
1052 24849
10938 32249
10922 17740
13000 25887
9036 26392
26895 29830
32351 3337
25821 10166
2959 14901
11692 18379
9500 22293
20326 6776
27930 26846
143 2239
31760 10673
2754 3938
3419 44
17785 13692
6812 14341
7965 30785
27848 15848
19186 2093
12259 27431
9565 12239
30618 15219
4744 21257
28033 7350
1428 25071
27310 23195
1100 1572
5510 26302
26347 3854
17547 8929
23270 11364
9381 24359
7439 31236
561 4461
31893 26625
6097 12820
28039 8690
29947 3947
11298 16
25087 25212
15640 12726
14298 19629
13164 16740
20595 19808
28737 6743
18107 5374
29733 19240
17708 27488
31950 4404
31030 18269
31089 31075
6997 4359
8306 26361
26377 4176
29388 19604
32331 18696
5557 12260
29001 13861
902 18721
25464 16828
22202 29639
16111 10803
5524 19167
23571 1051
19320 4706
3013 21833
26192 17642
11235 10010
14186 1731
21335 4844
23540 10806
23067 20898
1992 29097
15051 19300
3360 2894
32533 7747
18551 25562
11961 15877
16928 24075
28781 2764
24598 3481
21123 31794
9036 18022
19753 32358
4434 23222
1260 8321
29219 27974
24303 24327
10859 31211
1337 6586
14334 14219
7013 1103
16980 117
24192 18974
21739 1140
4621 20205
19231 13569
31591 25744
25334 28267
18721 18577
26898 29768
24974 19981
11541 23349
21793 16510
23096 22400
3852 23130
24233 4662
4779 10865
29840 8445
9586 28971
16408 18811
32380 14207
7184 2871
31138 31203
17012 32518
29519 17091
4305 11142
1724 21725
5467 15846
5478 23517
13879 28564
458 9330
20196 5345
13790 5238
1441 17268
3311 23376
4816 17850
20721 2923
1358 12000
11750 19092
3415 18371
29513 8501
30227 7720
23566 31237
21986 2926
31490 29045
5607 3098
8443 31949
4419 25803
10303 22233
12842 5860
23710 13614
16537 17658
29658 11664
30756 17896
3499 8640
17142 1403
9124 244
31482 14601
17527 32690
28967 20700
23798 16250
15431 1807
27610 32241
21707 19850
25710 5146
18760 1781
19439 16653
28317 2530
20426 16329
24969 26305
27708 23925
24169 9343
23944 4064
3987 22883
10816 8704
24954 186
1993 1846
1320 7617
27467 29604
1982 23027
24808 20409
4294 20742
23272 11479
27808 32611
26148 10930
2087 20009
29353 21089
25153 26257
16372 20529
29233 29140
29327 27188
29035 21419
29036 31320
28156 30355
20614 23735
11377 30138
18113 12654
24133 15671
15515 8617
19548 19173
6414 8895
29984 21635
15124 2999
23529 22370
18742 31497
25917 19994
8646 15301
13854 22184
19771 4914
28650 9242
6613 7617
20271 7259
22930 24726
575 11636
30809 5677
14573 20123
8991 4456
7455 11789
1391 24115
22844 30984
18211 20134
2667 15994
5410 26857
31771 16521
25764 25182
31 27653
2144 32377
24335 20303
31939 25075
30752 24910
12266 29981
1669 12557
24347 21257
12604 9124
7341 25738
13104 2681
18675 25552
19641 15772
32293 24085
16499 18644
13530 25289
24898 16531
4066 15674
7981 16465
8608 3237
450 5966
18523 20874
9363 2119
11244 10102
3073 21967
24648 18585
11369 16177
31949 10555
1873 31010
16886 31475
23996 18372
2135 30416
13323 16127
32592 6201
9439 21304
27270 8432
29306 9889
12009 13026
23128 5901
27869 23253
9070 26201
9611 19749
30305 20439
18681 8792
7499 32178
17782 2799
448 31496
14855 19918
26119 13771
2307 14679
23112 2790
12680 29578
9836 19650
25552 24689
15174 196
26398 20653
7634 24244
11915 3241
12033 5171
4581 30596
627 19533
18261 22364
9514 1075
14846 348
15027 2865
5656 17154
13964 5371
25022 18336
10257 23800
23996 17806
5691 25431
16907 17626
20867 13325
18497 28822
26650 133
19666 23078
12674 27277
28353 5159
5507 22188
25054 10431
27585 20534
25906 30710
16278 8781
32581 18160
3198 26535
19198 23810
8668 8889
22214 3337
32159 29536
29669 7943
31022 26041
20550 16567
21726 10928
349 16135
26567 27233
14999 25403
23345 21384
30166 8137
26297 6855
622 29979
21021 29495
5616 19820
23157 29690
26458 27831
3006 22548
15821 23359
7158 1260
12189 3603
19739 28884
23349 12538
5173 13538
2154 5580
13718 28518
2605 32320
29532 7247
3975 3227
23047 17785
14707 9591
4654 13436
3216 8397
31756 7661
8921 19037
22640 6146
2262 21110
880 9611
23149 25611
31192 6053
1803 25304
24856 12142
19389 4408
7635 21620
6638 23364
188 30682
11350 21345
29743 4842
12503 14566
835 28731
2110 21425
9767 23476
319 4372
29984 10648
16701 23469
16005 28408
7782 18505
22913 8093
29714 27171
17768 30549
28463 3584
24929 17956
22798 7046
21612 21904
17868 2534
23959 22448
13156 19978
24350 958
11606 13475
4176 21566
17206 28308
14045 20181
28275 24988
19392 4190
1971 25221
28805 4392
22348 30435
4713 20966
10103 12378
14912 26325
16005 27971
15181 6103
7062 29161
9869 6763
28330 18668
14208 14045
1459 12768
4989 28253
32444 29734
22187 24381
28773 1647
32082 18224
6422 18353
30731 4027
30353 16525
11728 12876
18979 13590
9984 26909
905 26041
11942 19853
1130 29235
9235 26150
21636 2589
32323 14224
5837 21312
22959 21742
7198 1842
20195 22274
26301 13621
30146 18159
31035 23886
4709 9107
3248 17246
10520 14693
1778 4153
620 22462
15844 2908
5498 9856
24080 4712
26024 5053
26796 29918
31760 16216
5722 1226
14847 19188
4579 32023
23142 12226
21333 2846
20092 27851
9776 24581
28735 30612
20306 11554
14462 29355
6443 3383
8095 19960
25014 30524
27674 1352
17568 19042
20268 26666
13086 23290
22545 2348
14574 17665
20511 12919
8002 3139
27720 7836
5680 17778
29332 23687
20275 25987
29370 11027
30987 26718
24474 4697
6049 23233
9507 19380
13279 23617
14139 29776
32124 26365
11263 3917
16836 13930
17069 31774
6842 24839
9849 12021
2941 12523
5742 6414
17441 23216
17166 2344
7041 15660
6126 8873
28253 13091
3940 15633
12641 8764
2362 18080
21997 11997
25927 13625
12631 6065
30904 10228
22250 19474
31997 7986
14400 25191
15639 4971
7315 31841
14733 37
8910 14356
27447 20859
3725 4396
13160 31388
16700 16366
28364 15522
29147 5929
11994 21523
31752 9011
28485 10131
18117 21234
13657 27714
32685 32517
31590 29296
29333 7232
21588 13555
1647 5476
9872 16268
14888 5372
21738 23032
5787 31588
4749 17334
6090 2166
11177 16743
26874 5074
26308 6894
1840 12223
11972 7197
3725 1757
8989 10794
24350 290
5766 30578
14078 25997
31369 15638
5903 28966
27786 20339
4906 11690
13856 32535
16510 10996
16070 25034
31928 10617
22840 9610
16807 1001
2758 2045
12839 20532
20822 11748
9558 4421
30418 26589
9459 23636
19834 29019
16591 15362
27052 14852
14619 21497
32493 8141
407 31129
8978 15795
25405 32335
568 31819
1096 9444
29976 3327
15075 13935
18357 18030
11851 24633
15501 16007
12259 21311
3905 2567
17419 28850
17579 30958
6331 32038
30399 17304
331 6738
6305 6610
5661 25736
2412 6874
10201 6757
20692 32388
17650 25276
17141 6281
22289 29502
18045 32642
2441 1780
