150
28036 22272
10972 31548
10779 17923
9445 32270
13902 26875
23169 7153
25162 14045
8133 5616
9789 31276
28205 4489
5528 3913
28380 15092
15180 166
23839 7383
26161 28733
18237 12696
11476 21429
6584 29209
28712 22255
16362 16029
23182 9846
23891 6763
12379 15576
14084 32024
3745 22168
26081 9521
24613 9273
9440 21693
29076 7026
2991 511
13207 22470
11131 21228
17669 24683
14170 17716
977 13613
23459 30532
4527 24160
6968 14582
13838 16906
6307 21053
30574 17584
26857 32388
21314 22420
29446 3529
4041 17622
7324 32437
20897 17248
9164 18456
3404 5798
19412 23334
21099 4381
28541 10103
24686 25626
9765 2742
23795 5756
23340 16072
15692 21601
11253 17430
20959 4238
21861 7931
7600 25000
9481 29185
14873 28497
1528 18645
9211 18277
22659 20940
31043 30310
23169 18432
21174 22961
28718 166
16238 12201
1035 19290
3952 31930
3401 12288
20220 24912
17144 25262
21679 27820
23550 26625
12502 3785
22062 25078
13250 21714
19256 11953
30386 11525
1719 9657
9823 18792
30994 30437
16959 26061
25224 32029
11549 20912
13056 28625
21119 31769
26822 30200
24058 10030
13815 17604
9914 3792
25506 3110
15063 23164
1921 11995
21652 12681
31474 3640
1309 31476
24769 29700
28961 18269
6413 17225
13082 7742
6744 19469
16901 1433
11464 798
18402 8191
11984 25279
28389 28316
18712 4722
16717 10685
23366 20633
24274 5602
4310 22072
19004 25583
11084 29079
13537 15197
22940 17497
4198 26619
28053 29684
30482 21100
29291 6749
32028 16116
11664 8507
13230 27650
5567 30376
18241 29947
2781 28933
18238 9747
2563 7091
3403 4474
19672 13647
31145 16940
10791 9844
6760 2575
23675 6076
12825 4474
20590 20199
28706 12086
6968 32254
29862 9168
6348 12535
8700 15335
25083 9129
16221 26938
31413 27646
8525 19624
3796 18317
