200
28161 6902
9478 14587
20664 2153
6627 385
20584 721
12807 27217
26703 16523
25691 19775
32310 23797
6364 32039
8401 8243
2413 31447
26325 24622
11478 1058
19375 2083
8985 15274
29861 14768
16921 18463
18849 17757
18479 23548
17997 6665
23188 31286
18294 11932
2961 16112
15383 17836
26079 9326
8005 23784
15638 28493
29551 1563
3646 27116
9622 16159
30927 12631
31095 6716
24473 15081
5861 17176
23841 10184
8703 23859
3023 14262
30374 26997
12065 5985
15311 12989
4006 5377
1102 23316
24879 19644
13993 30653
14044 28525
8389 23615
30331 12204
27285 6716
23892 22037
32221 378
24237 14965
29227 8156
2385 27261
478 26833
7055 14451
19828 15789
6337 11061
30705 20930
18815 31217
26974 11930
2778 92
12296 2595
9311 341
22378 6813
7191 435
15401 21832
29988 31429
25922 11860
5926 32374
14057 26400
9421 12981
24042 1117
22047 15758
14207 21979
1142 8094
8186 8414
11009 3920
4261 20482
27295 20321
20756 26640
15704 1719
380 3389
15250 12924
12530 26302
19934 21176
1389 26587
27704 29355
12345 25431
14642 16983
25078 26553
2199 15784
19704 496
20979 13208
761 23966
17838 15506
17225 21518
24907 774
13698 17605
11139 7389
28565 26229
20048 31073
27660 29954
22617 14985
31968 7238
1023 4492
20276 24278
24775 3222
16430 7213
31179 12986
28492 17192
5942 16249
17023 12950
30555 30849
5471 30721
24182 8927
7232 1268
31223 11463
26448 2125
9363 21072
25564 25648
17159 10386
13608 13073
20286 9166
22152 30038
14462 18697
2178 17876
30826 20404
18486 19201
17154 28614
4773 23957
25225 8569
20032 12005
14130 23680
11985 13712
6592 23493
1111 4781
17854 23751
149 14719
11990 5372
24069 22301
7410 26452
14089 26247
12680 5468
1314 32575
23764 29835
5636 6087
18093 16221
7134 25668
6612 32223
22949 19119
23900 13204
4188 24060
6012 8987
14359 4337
26639 18002
11686 5661
31908 1281
6749 25775
25582 11821
8888 8064
14151 16578
32 14524
7424 32244
31700 7166
26285 14036
27240 21881
13173 17417
26404 31428
2998 19185
4419 7996
13657 29637
30918 16106
9113 12797
24618 4899
12963 1928
18506 738
15262 27115
26591 18538
25704 22686
3954 25523
14636 19221
3871 31195
29855 27810
14227 30275
5503 85
29722 18647
1985 19160
31958 27872
4 11098
13026 23808
24547 12967
7314 31533
17303 7041
29728 1138
26661 10240
29461 914
32109 8530
3572 564
30840 29197
