2000
30630 21950
20140 19860
19130 15441
32745 26471
441 16761
23371 308
26044 6747
13621 29032
3021 28456
28076 23822
16330 23714
29995 12958
9692 703
577 19516
21296 27737
16920 3018
22878 19158
1831 4292
30764 9240
26001 1808
2116 31205
5184 16605
12869 28160
23848 18805
9859 15891
6837 19156
32115 26189
26892 4064
23581 9039
4009 27469
30487 12109
31268 20929
25221 20597
29837 331
2140 23217
21655 23071
6908 4256
32417 26839
12877 19777
2900 23497
9886 22736
16158 9737
13802 9233
18272 10282
4984 4615
16724 22281
10442 2703
23301 15224
15556 2896
26113 20370
10673 17696
21952 15000
9072 17581
4591 21601
12331 21949
11917 7491
17229 22217
31450 28075
5590 31031
2878 16954
6468 10574
13277 19602
2059 16910
19806 3810
24181 17615
2543 13152
28152 2086
19668 24495
13329 4456
26405 24259
31750 25660
15109 5555
862 16211
14474 13791
30745 6452
17026 17352
4187 4445
21356 30304
1346 6246
23861 8394
21546 25527
27614 26404
18131 16931
21387 14514
6005 31460
24352 15025
20580 4987
21199 6693
20484 21442
27895 2905
20258 18462
22907 12153
9689 24445
30691 11495
19890 11036
3795 21784
15420 8668
25599 31409
13155 783
32244 14219
29244 19160
24148 23828
30522 17056
5730 12579
15484 18238
3932 857
13011 2974
27419 26840
5567 22700
968 25342
14358 25457
1358 4764
3405 29778
30562 26957
8408 16561
2953 30038
21098 4884
21940 27101
6912 18852
4323 27671
28528 22397
25371 8255
2327 8771
31472 20023
12597 7895
584 32440
4436 26956
23966 1942
28900 7842
24403 21760
19030 4540
9425 27356
21690 7361
26213 31365
26268 28602
18231 30536
6024 22029
30800 10835
30858 8351
16246 29504
29177 10687
4875 16831
18773 845
8687 28842
17834 14905
19446 322
27679 4097
11458 28871
27468 16601
12435 4903
2672 20969
10230 30667
8734 8696
17047 8262
4999 6824
17511 526
17357 1408
2253 22387
18461 3362
18268 10941
11263 3527
7624 4946
1049 6174
22775 19082
23986 28517
16718 2443
342 26658
2586 26948
2443 9076
15900 19633
20159 7442
8850 643
23030 4748
8111 11103
22044 8723
12251 26379
31325 540
6714 19875
6190 32374
28123 29490
31933 30176
24066 12074
6254 32275
8583 26652
13517 8697
16139 24483
25126 909
5657 24989
3325 15389
24112 13768
7379 25369
25909 3595
23471 5936
5542 32624
29346 29661
27069 898
12972 28511
28018 18367
12251 19226
27924 3833
28316 25768
26677 11295
3517 20674
3295 32335
13335 6842
32211 27408
31003 20715
26651 25353
25209 21706
18599 32194
324 21787
17530 12900
31267 13296
32522 12780
16613 10750
3751 27678
6206 12161
67 30428
29995 9723
16565 3363
30771 10563
31278 16008
8593 29006
17945 25161
24587 1034
22821 3776
16677 24911
5439 7583
20363 15176
25927 5194
104 4208
16369 29678
27338 6310
16033 16437
19800 24566
2361 32598
15839 17803
14041 871
26032 24432
25467 31986
2995 17852
9995 15520
23104 19672
2080 15435
20629 10699
14908 28007
24917 20733
27044 31277
14946 19488
11286 10309
10140 1978
19781 13647
14518 25979
17643 1055
273 7782
25634 10342
25863 3268
22940 2862
18297 16199
26898 25021
20260 6158
26891 9038
7548 12410
31898 21167
31477 22494
24473 10416
24063 8849
2060 11486
12541 5813
13595 19703
30046 12815
16083 6462
9324 23141
6572 6256
31277 27621
1011 702
9741 18769
31179 27902
16302 17289
7015 30309
7957 15011
23860 31488
10207 32020
5065 25920
12855 22748
2795 18661
25123 10133
506 18879
25135 1679
29300 7078
7781 23644
9645 30311
25445 17522
2043 8057
5598 8979
23990 9058
7779 13556
12808 15082
8234 17986
7966 17874
3767 21090
31223 10762
29641 28890
30569 31730
6040 22008
12884 27101
24644 13821
31343 22529
30586 17321
26301 618
9677 3417
16973 17523
32606 17456
2674 29781
14887 8072
29162 10640
21402 18654
14776 27618
26580 18275
7515 12577
6910 32620
13674 20399
10161 31554
16108 12249
12868 7979
11396 9641
27164 22545
7233 28369
25383 27002
2307 9907
20547 7502
26157 31469
26319 9182
27457 8165
20743 20131
19984 2205
22604 27653
26440 890
13139 32765
7977 9780
19421 26007
15784 19373
14975 13817
8052 23017
156 7590
15092 10359
9060 20704
29886 8481
16647 2612
22743 24575
26780 4622
32275 9959
10849 16617
16614 25947
2959 23989
17228 24591
11197 22380
3430 245
23262 26172
994 11482
21841 23419
11355 16086
24568 30901
745 8473
280 8447
13069 23489
680 27061
10910 12576
5756 11530
2751 27524
19348 8715
31096 19979
20224 30545
23949 1758
13240 10719
1370 24943
8261 2313
446 12725
21198 61
8508 1192
24681 21478
15771 21577
1386 25361
4123 26681
21438 7142
15857 6874
26854 8018
5795 14185
15943 14310
25029 29744
21919 29183
31496 26399
6356 30180
30242 31943
367 27554
16265 5982
27560 25048
17641 32036
25950 28946
3320 21765
28639 14620
22638 19177
595 22725
4268 28433
25409 16538
12954 29297
22929 14560
11972 11682
10857 29285
24072 9446
15429 11224
3504 7569
6837 10221
6399 21146
10143 19
14639 9719
28896 6014
28740 4509
174 29491
13262 240
29537 25583
7375 26216
5130 19698
16216 19348
28794 15988
27212 7520
15089 11455
21676 30717
19095 21926
21946 28075
5026 29238
2484 3817
8327 1155
30646 31224
31464 8501
1317 11140
4588 28234
15164 8692
28040 9719
25707 31380
6132 24067
2754 20151
18100 21221
10380 24431
19738 4427
897 32326
3375 24765
25920 3382
1838 11702
20204 23798
2171 535
28769 21521
30213 6759
16478 11165
9778 25486
16785 9417
29569 15910
4364 19539
11202 14901
19329 14744
14302 30941
22938 20226
23608 17677
29380 16090
7120 25447
25982 16816
5569 9291
16051 21983
380 3014
28500 32529
9179 10158
26069 12517
32057 5980
20881 30433
12409 10491
8664 7442
27669 26711
11620 31602
14924 18509
11188 8232
25048 22045
31336 4402
26385 30617
864 14619
14381 26766
4156 29364
9114 23560
29540 30225
27890 8403
18894 17653
25096 7531
1474 27559
26393 19997
5738 13095
21327 8550
30595 16927
21329 13608
11457 29163
11015 14947
8945 12321
8918 25396
16188 13101
10559 18032
26435 12960
30613 5681
13213 12561
7352 22941
10170 14687
27782 978
9528 15909
68 16342
29950 7355
3750 21397
3576 8639
20961 14765
7393 12521
25623 29879
15143 23581
3773 3414
9095 8810
21371 1619
24560 22308
4228 28724
29702 1963
17872 32010
15584 6462
13817 17940
6569 12766
21406 17567
32333 10146
22667 9599
6710 6958
30540 15522
18936 21853
30663 1545
3164 28032
17572 19266
15222 27725
29688 21800
21043 12156
18618 14792
32732 3859
16626 32435
17235 6533
16679 5264
14863 16800
23758 6579
22101 21573
10658 21530
23076 8270
3534 8553
27819 26240
21197 21106
10139 10274
22430 18117
141 31182
2273 8281
7948 105
6639 18899
24163 25183
9215 23318
29897 6258
27831 206
21736 19231
27501 5721
14274 12044
5517 31035
19373 9326
19600 26714
12064 29512
27926 9262
17543 12205
12311 30200
16331 25492
17907 18950
9500 7727
13985 27123
27329 6630
25861 9049
14770 16297
28342 20594
18861 29045
5603 1091
27805 5466
2211 25203
1697 7101
19307 30137
27569 19241
11965 31618
17800 11133
18860 29872
24227 27300
1162 77
9126 18788
2318 27023
14849 23897
20174 30660
31751 942
6409 25777
18212 26788
1122 8620
5989 19909
6382 20429
19279 791
11924 18347
15452 4311
31611 30784
30861 6911
25700 6
27029 7220
31117 28018
25910 9111
10053 18523
11532 24893
18913 16462
25082 29744
16885 20035
7696 31072
31863 23268
8847 26975
31286 11019
9035 24299
31211 30130
30136 7128
14348 24143
19393 24397
740 12697
31220 12535
4660 10794
27256 9984
6960 23573
10841 19571
17875 23846
14346 18537
12745 16970
27989 23193
14725 11263
8625 4256
11384 13168
4543 5993
30391 25733
5662 23936
3703 31131
9157 4115
14099 8363
31936 3646
23217 21060
12138 10009
28547 8324
25294 26484
16909 8524
19787 20515
24771 31634
12034 28413
1638 3387
29120 16577
7745 32029
30393 2015
6130 11448
19811 6782
10428 20229
8521 18980
28989 877
9201 20659
14375 24768
524 1727
22242 31285
30151 20312
15957 14245
17633 9418
25995 17595
16857 13985
16000 973
12421 14482
21264 22130
9592 32233
18445 31693
32570 18113
6005 14666
6667 9004
10731 20380
18897 7191
27503 206
14451 16281
25699 10692
28288 32084
13302 18926
19899 12377
26859 29302
18665 32321
31786 15355
14280 28257
13602 17463
32129 14083
23087 19607
7220 6028
13220 1050
1256 26117
9630 7955
18648 15708
15024 2561
21488 14168
26545 28326
24861 8619
8172 20636
3223 10758
6247 7190
24653 17504
31587 19849
6689 24015
30043 21906
22956 13909
7258 10495
18451 24213
7153 16889
19450 4331
18499 22177
17736 8170
16790 12276
144 9829
20587 24962
32153 3367
20871 26834
13915 24038
15285 19690
8828 20604
1745 12561
23056 31785
23230 9004
25893 8739
13070 30383
19792 12575
20746 31569
11077 4760
14589 4768
29730 11221
14589 2408
29242 29115
20386 2692
22383 10390
30994 2903
15464 31211
30228 32740
8976 5753
14492 20690
18305 2101
14676 27563
26364 5330
10090 2654
7422 4674
15895 24680
27088 4385
732 30484
409 23563
1185 21118
24022 22792
21235 32179
32151 6718
12471 18696
6618 8359
10460 26964
21759 24924
30254 25137
27791 15355
20029 7576
32256 2446
6831 3157
873 26577
17372 7563
28682 1282
24074 18557
17968 19936
26654 12542
31238 17352
25711 6358
554 5088
30012 3404
28541 22313
4900 27498
2307 23564
26010 24930
28087 1795
28372 73
7637 28960
30243 12976
31533 3551
23487 21549
1323 16734
1318 17373
23731 32561
4882 27029
30433 24285
13830 2126
29625 26206
17003 18731
10893 31932
959 10245
10319 6212
2404 29332
9540 17956
21507 32647
21429 8306
25040 12226
29599 22752
22546 26358
20619 20563
12080 27428
29554 18285
11723 25911
11874 26411
25575 28726
6204 22767
28979 26535
23099 16523
1711 31383
31263 32639
8177 23218
2676 19924
9908 449
26807 32275
20070 32454
27114 14659
176 32151
25294 23901
17544 11899
7858 4400
27167 10352
4119 14062
30585 23378
21993 27218
27089 32296
22746 20488
7644 2499
2948 25422
24929 17553
17239 29756
11647 12232
11615 11586
2719 11823
23722 4141
8541 20263
30615 31580
12874 2940
26318 1966
29184 10691
10219 15543
3264 23506
26005 197
25619 10908
28461 28953
25941 17781
30013 12933
24519 4820
16643 8860
13001 27238
14733 7598
6410 21542
24482 12581
14547 19285
29976 18032
807 10964
1702 7428
7625 4071
14980 27707
23892 477
18258 10673
23606 17066
21886 15503
24363 15357
9827 5762
13360 4596
26138 24561
4374 19770
6287 17852
3116 18921
29885 3496
10924 3923
7995 31587
26526 18549
19026 22975
880 17651
1949 4516
20019 24487
7076 23835
29597 11614
16210 16904
8697 10189
29960 9580
27432 13071
31992 3479
6975 30548
1704 29110
27929 17899
3681 9699
32674 21688
6571 22707
27224 786
25273 8520
32355 14475
26090 32350
16486 29185
6606 9532
19113 25183
5486 3798
7278 13777
11558 4710
1052 14253
32153 13262
22961 28982
17902 3066
25773 22867
23653 24473
225 20229
1937 16159
15741 32580
28997 28027
4791 32227
24642 2836
6634 23904
4914 30128
2070 13912
28166 16472
29734 3123
32105 27551
30617 19927
10026 17239
8944 23622
11084 911
17070 9169
8981 13021
8280 43
32270 5211
8047 13071
4208 24144
21504 14681
28594 9122
25594 23575
26698 23992
18775 22560
9719 26035
10506 16624
7478 19745
20656 19450
28619 18562
31583 4959
5002 4832
10043 7095
20167 4505
28649 18090
4 24375
729 17386
8193 28598
19822 26323
16115 2123
28158 5829
22453 25834
12811 5896
25346 29931
15726 699
5658 21197
26029 14541
21637 10661
15166 3305
21395 9036
643 11047
28433 21399
17229 1372
27695 3858
5981 4283
10112 11042
4108 1371
7267 32565
29729 16919
17618 32613
21042 12687
27228 23277
1170 14304
17609 16097
25133 16336
27383 6236
27636 25776
27148 23049
26907 12097
16381 22075
349 121
1492 26493
26291 4457
21376 8760
8605 23252
3171 6227
29504 29648
11184 30399
13729 30674
14242 28793
2261 6094
31871 8857
31906 29897
9227 26251
15559 26046
26167 25608
19333 15908
20366 27659
3651 12856
3340 8974
15201 12257
9137 6511
4143 11937
9843 20321
16346 17872
23966 24085
175 18607
15737 23069
16553 32081
25359 24964
17804 32112
15252 18758
13650 4369
17226 2850
11825 17301
29558 20566
27078 27026
6196 5927
26248 31221
16325 16039
7357 9826
28434 7523
30593 7532
6845 11403
3599 14378
13722 32205
18195 21403
25772 28974
31825 31845
16379 10230
30797 10882
5140 13169
19097 25107
23560 11336
27376 12577
22404 7117
14640 1965
9497 18070
29473 12465
26843 16342
15779 304
21707 7797
4004 1207
284 14711
24942 3061
13943 16663
29833 22971
15310 19083
30420 16162
28739 6102
13219 25028
26993 18375
3677 27859
7557 3722
20064 382
686 1632
9430 3076
4283 22393
4337 13434
16495 4567
21231 29279
19482 30438
16753 18296
1690 2024
8126 14405
6665 30429
16037 21345
16436 890
4612 19714
20097 23993
25626 24677
27753 20783
10409 2288
15722 32036
3835 14746
11257 32217
29887 25066
10594 30739
32763 13872
28278 12284
9946 8121
29466 2175
3066 25983
12929 13134
4360 7678
32355 258
21042 29986
32274 27340
26608 31451
13429 15228
14677 30444
22742 24686
22657 11796
25668 569
12853 22652
30773 21178
23354 22799
16014 27471
7837 26420
1330 28944
29202 12197
9415 918
28258 17476
16159 8921
24149 22099
19775 29588
21506 6058
17854 9749
10318 11395
1279 10755
31933 23172
13203 32052
26755 22519
16171 29218
25394 1825
14022 17502
18420 21828
6537 23438
32359 13910
3241 22696
19517 23741
29799 23016
32766 8255
19651 14886
25641 10316
720 20930
20215 24806
14558 13924
10374 14202
16027 30729
15463 3000
24828 30050
20720 1115
15026 31365
21294 20311
11284 18267
8516 8043
16298 8316
23202 8514
18830 3181
24112 16075
8113 19551
707 11559
25761 22671
20633 11081
14081 9021
6303 3328
4444 6141
4739 27023
14566 19470
4969 26033
1308 25851
1399 13485
21999 17606
20788 24601
7908 8062
27613 12132
23691 16021
5925 28320
6633 16684
25705 26558
29886 20714
26855 32008
26263 1562
21032 31594
24859 8062
1145 26002
6719 26167
11006 2544
27145 28719
4013 31794
11158 2285
18306 31626
27178 2081
18765 24231
18021 1043
21757 11703
10943 15140
16702 15844
14671 4439
12501 4967
30969 6762
162 13646
16190 4920
871 11168
10194 10567
12852 4884
3742 21352
23433 31158
22622 30920
31963 9430
21133 7875
23015 20952
4029 32077
3748 6950
11917 18700
25462 16249
29895 10118
15038 25624
4024 13317
23884 15910
20794 14218
2802 3968
2358 24537
22689 26235
2898 24980
88 21885
10069 24031
23340 23103
30053 14098
30 27088
10569 9202
19320 25493
18349 7696
21013 1591
17501 22374
3824 12129
16097 5527
30064 6627
94 18456
10668 19986
9103 2992
27024 10756
1092 19172
503 17596
11917 31145
7580 533
26026 22486
30183 26900
28491 11608
1214 18428
30558 13224
18752 5038
11665 13887
32343 16048
3266 11760
14752 10244
21000 12369
31542 9008
26605 22092
20470 32045
32578 5754
28240 28050
22182 25837
4677 25655
11316 17906
31130 5891
10929 9106
22993 17114
395 22595
1587 22569
45 3661
16031 16339
25348 21045
10370 14805
14082 19185
24939 30840
26122 13892
6961 20411
13299 15536
674 11638
17529 24615
953 31805
16151 28459
18286 23946
13747 16546
20208 19873
3444 13792
2070 3471
18276 28792
15209 12440
10512 32358
13482 7380
27792 3866
19402 20444
32082 8323
170 20077
19114 16844
12535 1123
25069 2497
19044 30821
17926 6049
19841 6484
9955 21370
17395 21911
1583 28231
27821 32604
7217 12095
15961 8535
28979 2241
10564 2596
22673 28294
12370 10734
11857 9019
11516 24905
22958 4158
10207 30560
4276 8116
29486 30049
19192 14231
9694 14113
13950 20776
103 4747
13283 21167
23408 16065
18661 9494
5020 1204
11938 8566
17585 17390
9527 23795
27953 29101
26894 32485
7833 5393
2674 31170
12634 4552
18665 21866
9874 22328
27076 32615
21014 9978
26043 7591
17085 11654
12858 11936
20502 22106
6728 24796
15823 5319
1652 16256
15973 11009
16402 28546
26949 23807
28359 19076
8174 6815
29143 14256
14104 18049
28027 23451
31042 2350
14005 21302
470 15360
4698 26863
18892 20972
26291 11426
27682 1947
12956 27943
23722 10888
1927 29358
15666 17903
24718 30286
11774 23841
9122 21093
11777 25878
28229 4381
25683 10051
25411 9466
3561 26153
14357 30109
8768 22453
24401 7880
3055 3682
14570 4589
1180 26777
11912 16497
14015 16846
7919 3862
24956 25790
18900 17041
21422 3965
14016 14361
23827 14337
7722 6660
4001 27389
17074 22079
29959 12769
16452 8707
13297 247
27024 31022
14752 14477
31323 6169
10031 28767
21789 6475
23516 2219
6184 7922
22283 12171
26508 20201
26861 13343
7964 1463
23542 30862
10864 25038
978 20734
20981 27316
25570 14275
28752 15237
21406 7554
3554 27307
1014 31438
889 25343
497 24531
3934 7074
27275 22781
3356 30442
31905 21368
19462 11320
3590 22680
10646 30326
24874 4568
18843 31627
14096 17677
25231 14827
9367 2735
1405 28785
21361 10381
2144 2294
9368 21858
11871 6078
3753 3875
25243 15227
26547 2890
25570 11938
9496 30138
1938 3448
2307 1603
19280 20782
2841 16404
19139 11743
7761 12208
22590 20544
22838 29122
18212 24734
30813 32207
3314 30084
12543 1798
4688 28558
7728 6323
3693 30259
939 17224
18827 5631
26413 3247
19651 5339
17083 29255
8695 6022
26566 24844
21198 31285
23252 16636
16075 6642
3958 21297
23095 19390
15180 16502
22825 27783
25274 22908
7364 26518
32149 26214
29461 26192
31531 25795
22282 16344
22366 15846
7922 30977
29495 16164
32 29120
2995 19979
8508 16108
2730 6953
23455 31603
26618 17910
8050 13512
7262 19125
12571 15414
8838 6644
32439 9264
25608 7602
23448 21953
20162 15206
31370 31371
27723 16889
4100 31402
14742 30718
4904 12608
11443 17472
2614 28359
9104 5294
24419 10664
26079 16366
23010 4222
13486 2149
9751 22681
11866 6326
21532 432
31803 32029
16150 20134
18768 26758
24709 20251
91 743
18215 29613
25204 11535
16829 20830
31494 1540
17907 8480
12702 24805
26955 8149
30831 26188
32514 3938
4370 9929
9190 21278
8644 3405
30164 25341
12824 27412
28155 22105
18950 12915
24450 13603
1665 11386
12927 8511
16991 391
25197 30834
6215 29693
23113 19384
23322 4278
14208 22859
11369 27693
31098 23398
15971 20013
14658 28494
17831 28795
8943 10045
23648 4013
15400 625
9137 25313
25705 28327
26393 26128
23054 18134
4750 32608
4119 13399
3491 28072
22997 18327
8957 14860
2106 21328
17054 24929
20956 16764
26809 2118
6131 29899
30525 17690
10235 21531
17090 6894
254 3172
21306 10715
10556 23308
3940 26056
21361 14675
234 7431
22291 11590
150 9191
1352 24397
8393 17205
19323 22309
19440 2435
20125 25454
14218 17197
24091 30360
765 31308
9256 24346
14886 22071
15360 19812
1719 18826
26257 3953
15543 1953
11144 15781
7410 15694
131 12497
2038 15804
18239 19454
12140 21478
5908 5596
3188 26358
24899 29999
21577 3953
26025 1387
21199 3696
22522 8617
12570 22918
24871 16012
31793 28113
11039 3247
15744 6435
22239 11170
30624 17782
6493 7710
13306 9997
3587 12401
9632 16495
20448 28486
29873 31210
2138 13705
22322 18304
8454 24660
7904 2124
30238 557
3805 6929
13365 8509
19680 19549
4564 2836
10547 17536
27533 11057
23458 23853
7580 31121
26839 322
31532 28029
8966 23945
9481 902
25563 31289
645 17936
18493 699
7629 30883
6625 22298
9080 20994
23830 26305
11073 13644
24701 1609
25463 5839
4192 15391
15713 275
28304 31031
22208 14478
15380 4503
3024 31690
16858 8175
8875 3669
1785 2583
24882 16504
4730 8410
1947 1194
14838 28560
30170 13020
18859 6771
22162 22865
23140 23051
21315 5107
19585 18677
23180 10755
9677 2198
10373 26204
29873 26535
29119 19248
2984 31658
7300 21233
22427 7714
3507 9247
22268 4497
11268 909
23774 8359
31411 662
5769 14146
55 19958
30713 25355
27553 23235
16671 7623
1390 5158
24407 13777
12667 30509
18974 27391
2338 19968
29215 8633
13130 5845
6754 18715
27075 24398
25060 30528
11906 25718
12908 30830
23417 11962
2429 10853
18476 18202
23360 19101
110 19867
17608 14999
9623 12777
32745 3815
12448 11961
17806 29193
15140 25579
17209 24560
22320 9447
2397 9502
7564 1458
13420 15305
26159 30981
16415 15850
2183 11867
31734 7007
22007 2293
15070 16575
20390 31630
10823 15048
11473 70
25649 28629
20421 26613
3293 10091
19593 9973
11431 5690
20996 27157
25370 24852
7934 14387
26254 9017
16024 10117
12410 25221
9028 5263
4125 27480
9760 29418
29488 14948
10809 21233
15079 22370
32461 31230
8435 18372
24062 19286
13675 19867
11951 12290
26677 6277
15294 19885
30002 20164
12617 31318
3814 9644
4356 21645
18295 7939
22888 14117
2582 15015
4617 929
32160 17661
3265 4310
23596 7827
27694 27328
6850 4503
10780 6877
26762 760
20924 26074
24625 23996
872 773
22418 28439
3610 5229
19346 7945
22960 26498
27428 21928
6822 27578
31888 26820
1879 10087
4647 22717
27220 29574
3683 11498
12258 5233
31307 30446
21674 414
1187 23164
18835 22547
27776 23605
31550 22446
16176 14354
3514 21742
16552 10836
4888 10336
20424 15673
5622 6768
3574 25071
3801 74
5307 7257
4935 16059
16473 3847
27011 26610
16389 17660
8497 13079
2757 11397
25751 7279
29022 18933
29770 29265
6834 12806
28479 1890
8658 27258
19561 1333
1408 12232
19490 23363
6654 6715
10562 24425
18267 23128
8020 4806
17885 1888
13285 16518
23797 20642
6807 6268
2766 20051
90 3809
5700 9600
4090 28569
29903 14358
26591 23651
14246 31311
5258 13313
4970 20901
11261 15821
20627 23238
25126 19281
3031 5744
26386 5644
11912 26829
14112 425
4235 14678
24278 14202
10004 9935
24293 28368
19252 7139
5682 18116
31429 730
21631 10940
26761 3632
26870 124
19406 14620
20364 19228
24872 22437
16498 13982
14408 4017
18695 30611
12045 18643
28578 10206
5806 22049
29188 20103
5452 25058
25789 2102
13043 4113
7745 14652
14777 7036
21657 1847
21076 1415
23852 9253
23236 13180
17197 7583
5426 4876
23519 3125
13331 17471
6753 19329
6664 19137
11428 3173
5276 12116
16230 4449
19101 18319
25355 23975
25823 1110
2525 14244
23498 14131
27311 26378
1193 13966
18842 11741
14866 6619
24090 9593
28922 28197
14566 30843
1249 2818
14935 25994
30443 6525
24844 31165
22372 16777
17887 17431
31676 15427
29558 20413
14023 22406
3604 24102
3075 15216
21835 22446
32039 17941
13370 13157
11233 28193
31011 27936
21163 12482
19007 13178
11575 18838
2847 11083
28514 1180
16607 20735
8380 27422
17060 13398
4732 22403
4851 20664
10342 7807
25748 26686
7075 9613
5038 6350
1518 18308
30790 3282
16460 22681
8752 17029
28112 28036
29216 11599
32334 23859
18513 13055
26453 7946
30349 2806
23470 31185
6224 2432
29118 1045
10658 31972
5554 3426
21734 15697
18979 7073
29754 19757
4018 2671
30707 5738
17338 32131
23222 27155
7443 16904
24851 8967
11773 1128
32314 22432
24865 2476
3521 5770
4975 21215
24641 14179
29876 10529
17602 13608
597 16087
18759 14589
20327 4615
3978 16698
11086 4897
21802 27200
3400 18529
19657 13885
3549 15173
17649 19203
24974 28414
16862 21170
2582 29949
7710 8735
22343 32458
15778 25313
7134 22940
27556 1769
18467 27461
32359 31534
25967 29553
15314 21393
2510 29367
11772 2204
21407 6059
1706 29422
17824 13613
10794 18568
27303 20406
20097 18505
11050 16879
7051 3107
4876 18184
12877 1839
606 23343
20129 12468
1093 26573
23172 2675
4879 3603
9663 2176
31598 26287
7132 11369
29937 16655
4293 17927
3664 24472
8583 24390
27497 14714
130 15635
17474 32373
22949 13007
25476 18080
11885 10310
12985 26569
30173 2289
4466 17865
11384 7068
18437 3296
19951 18516
3675 15606
7310 24245
15867 7339
22053 15894
31529 10597
10202 22183
2423 16235
1548 383
10693 27899
21700 13433
15723 23679
8776 19105
26173 20189
23485 20160
5908 11842
27448 10669
2146 9584
16923 1991
17885 18013
28610 6209
28392 16646
113 6045
6428 30815
25946 1661
15095 17122
8033 14879
1216 30818
18239 16809
4201 27390
6464 8956
