400
29282 17799
3678 3575
22736 26237
21341 5663
16762 21926
12966 21345
1545 29788
28553 4745
11787 8859
9997 13089
23329 8747
9661 3891
12421 20022
20587 9003
5432 15993
1024 18659
22234 1946
28183 4703
10366 12202
1360 16757
5334 27128
24149 14327
19072 6879
15739 19934
255 30859
6838 25736
29627 23584
10839 16500
25503 9280
25273 31426
17317 30935
113 26298
31001 6783
18986 28297
12286 8599
2960 20346
1905 17620
24500 27109
14275 20978
19069 7471
439 14531
5347 25908
9640 30067
6579 16186
14844 2375
542 31853
25383 32161
6177 655
28952 23616
32215 25163
12741 8470
26091 2407
29516 14647
2857 17823
25294 11024
25555 21926
15066 25733
23032 30902
14321 24706
27081 29612
28697 29165
28559 27623
28279 21312
12160 1968
27131 24463
166 11607
14015 7104
21751 26257
11312 10763
21787 24608
13767 3838
29571 14574
12709 28833
20772 19836
16680 27030
23427 15085
9941 12609
1153 19218
21186 5452
29915 13313
24920 15549
22654 30081
23570 6167
16931 11637
3478 2114
5952 5950
20525 17245
13310 2756
22592 466
27496 1314
16400 6504
19113 18155
4606 26341
31793 20266
811 25792
8574 28940
26254 25731
31899 31228
10097 17056
19171 16062
22012 13575
30820 25123
27879 9769
10235 11363
12677 17703
24207 4963
23119 29077
22650 10552
30818 27725
20749 21675
17848 31629
24593 29323
27783 11334
28390 23724
7018 5113
18688 14793
7149 29030
6032 16741
28104 2260
19964 16267
21231 8013
4323 11403
21956 11582
6539 26973
15881 20006
18868 27288
23844 961
12295 10693
1649 18859
23972 7917
22711 8667
4929 9893
26634 29860
32120 10961
27229 21970
29983 19316
30720 15692
27274 1538
28512 19908
7146 1045
28333 11625
12586 26014
3939 19409
5501 24881
30 5588
14255 29473
6598 22741
19833 19185
30146 464
22434 19186
5734 24607
7531 19650
21188 3686
23594 2037
3082 16932
28557 30741
23987 31416
18057 8375
488 27927
747 23558
20264 519
23260 15003
1420 26862
27327 10326
29512 31566
23406 16993
3875 2478
6165 30937
207 25064
9228 29759
27732 3289
1937 5018
13393 18952
14111 19995
10785 13882
14401 14858
29861 31049
25144 4893
15219 31281
30080 19703
3928 11963
14442 20718
18887 7804
100 20607
17598 19094
22384 9328
14346 12563
31515 24321
11548 27740
8854 12858
27716 22334
20615 23255
28148 24810
23323 12991
32694 10600
22563 20635
8585 3855
11659 4237
24844 27473
13799 11759
21087 9675
22238 3415
27737 2666
30406 20985
1075 6517
28851 6492
29747 28791
20833 16699
29690 25127
2959 11389
32024 29617
704 25523
29760 7842
2547 12363
24122 21837
31512 16346
19762 12441
15107 20982
9199 14731
21248 12745
19237 10274
6297 17332
1263 16216
8576 27131
5752 30953
27802 11535
4290 5008
12850 28506
8101 1283
23120 15397
31744 32223
11897 21864
10078 18738
701 27004
6982 19277
29551 21949
6513 26219
9668 3080
30211 7776
5962 18244
29779 3195
8204 996
29503 1302
2585 21054
3684 4836
4292 25705
14801 2660
21398 16189
10425 24879
11388 22099
11280 17407
10859 8171
11251 17794
25570 20527
6003 8695
11890 31532
32529 3014
4316 20094
8381 29264
1332 6901
32606 12065
14725 5624
21813 14639
6750 3355
25454 32239
16878 18138
26309 3966
21760 27737
15496 4793
13488 14563
13327 21499
24514 25378
12705 13088
9584 28830
2964 21086
383 10917
16541 2802
17442 15108
18463 5587
5058 24192
9563 11149
15115 21936
16906 3104
7897 4108
18671 32402
21134 21385
13996 31998
12319 12880
8942 26701
15019 21903
52 11906
14709 15402
30510 16594
22181 32151
23575 16205
27354 27239
16407 370
3475 9701
13809 545
180 11372
32758 32480
31711 21314
1426 13986
7919 11262
397 10368
22275 22938
5572 450
17044 4216
3599 3314
19519 6457
928 27174
27545 14105
23806 17335
17881 31020
9624 4848
4560 18061
6607 9614
23600 3503
14765 8033
18401 31519
21689 15163
15613 7908
12124 27261
30575 32657
6346 15723
10130 17326
31431 7274
24609 4907
3159 22470
27318 9722
27783 12783
22398 31878
2614 1622
9655 13230
11982 17379
32542 28057
3197 903
28165 15387
15276 15322
31045 25972
10531 21622
28896 8407
13314 9194
31664 20738
30460 16473
29257 26214
25325 25476
27098 18887
32117 27939
12550 3986
32043 11331
12235 12325
27712 2472
17794 7632
836 10221
31843 16072
24479 11367
20562 27972
15942 5026
21499 19458
12905 13634
6342 17988
4107 5462
633 673
4659 3457
14788 13183
25508 3934
6406 27023
1887 20453
30674 24201
7505 2724
14091 29749
24953 31984
4242 1885
21344 8127
21762 25742
10962 1481
6943 28104
28777 15070
18527 7576
20759 668
4602 547
27571 13500
1185 11009
2442 29458
32182 31859
28840 9947
9163 13506
15391 21026
29153 13406
6380 3967
5448 18147
13484 17342
32412 12391
19967 9493
10162 18171
18719 7959
21459 14764
25773 13522
10212 22644
