4000
19625 10109
19693 1145
3136 21771
7017 3849
10058 21021
4899 2859
8904 5682
3730 5012
6674 15333
32455 29676
11787 21769
19819 7720
24529 13004
7626 5290
14246 28730
6071 14090
15235 1104
22875 25765
29614 18371
6624 29892
32752 6904
12586 11523
16536 8888
24221 16316
13225 23210
12211 23908
31628 25012
5248 32030
4552 23389
19351 12874
26965 18798
19902 25423
18420 9432
27804 10010
7134 15266
22170 1660
13184 7118
16007 1988
18305 29720
20162 7460
31369 31530
23774 32373
31635 30229
20851 29023
9129 3419
22217 7434
89 3326
12759 9352
19362 18509
1007 7795
9455 26496
847 23177
25166 22639
19591 16854
24314 10703
9465 6985
6590 22915
20377 471
29494 5457
8876 8460
15894 5856
9182 31094
7678 15984
1725 21941
29736 27040
20768 2733
25910 6424
29063 21615
5701 18308
29011 15887
22872 30016
20163 5708
6180 29463
2152 7772
16232 2906
8762 11029
9355 32127
15343 17945
7118 17033
11305 17068
19801 4087
10511 32073
20921 12944
31252 6806
22693 26622
23870 27496
436 12798
9493 11266
19038 6616
9523 11645
22674 2503
1862 18285
3462 32029
16294 17205
1505 10581
14668 27599
26905 21307
1483 25179
31985 15058
8912 32735
27463 21911
1941 15
11281 27900
1748 11434
23079 30319
54 11271
29557 12986
12247 1916
19121 251
10832 28542
23373 20627
9166 25500
17911 17510
32568 10649
10616 17129
6272 8713
8728 5312
444 8213
19647 20009
17560 2192
13464 9958
22944 17615
19531 10253
10504 2424
30966 5885
26512 21337
14069 21571
6314 2910
13559 31981
16342 6114
14827 24175
29487 22614
30827 23555
10796 29931
32124 17706
27664 28357
13204 12820
23073 17841
20265 32735
5852 809
22146 18463
7266 32364
2506 3448
2661 13580
19695 16065
7473 19003
8849 1754
25310 4192
1356 6908
24614 3338
31695 712
13532 19510
4583 12131
12099 3837
4646 24848
10543 17951
17548 26793
30241 17810
31390 20054
3352 134
19137 18317
20072 10825
15017 27986
2126 12614
15952 16373
17085 26740
13482 14880
27011 30617
1686 18066
10146 6342
24294 6333
358 20690
5732 9074
29128 30599
30733 4354
22672 32480
10537 17102
12320 9976
22590 25555
9160 14446
8418 5774
20654 26246
24095 21900
7198 14898
21240 25782
32115 17345
5267 12766
21840 32473
30304 10999
15353 18201
17913 28269
12603 5257
15233 28451
21238 24923
6601 5055
10830 30398
23876 15019
4151 31484
13614 15204
8218 11350
28695 2087
14853 7565
7270 1194
12193 3926
22127 4806
307 27546
36 7272
2955 12910
5065 15269
20325 24193
21824 11666
26685 31155
29871 12932
28136 30836
9418 10718
12805 3586
11151 5345
6539 27658
31584 18421
23227 18732
13511 20943
28216 23534
3676 13547
28816 31171
22597 8741
20407 16373
14760 11653
24585 14324
12393 11864
22582 19954
23540 21811
27157 2619
30277 1924
20345 928
19661 29094
17269 10805
1571 404
13951 12717
11121 5248
13989 9999
26373 950
12603 1629
15953 8365
20229 4420
24374 28346
17390 10043
12662 15147
17071 11779
12707 10172
6498 4648
15453 32368
4 23767
3717 17025
22273 13955
23955 14838
15788 3494
5123 17560
25925 28391
43 21077
16655 13387
23430 24418
6797 1277
13056 3325
13497 23868
28516 25764
25364 19995
10994 11202
28227 25369
6556 14711
29549 17732
21226 30511
15303 12569
8192 26350
14659 8461
21848 8236
32654 31314
32592 12510
15835 6683
30551 12880
5876 29332
16559 26299
4733 31241
23842 27554
9497 192
17924 30398
28142 6279
18848 6383
32733 10677
19138 27041
2509 14624
13170 8218
20729 2395
9078 12994
25875 3796
361 6861
392 31751
30224 16920
11706 5126
5318 21298
18929 21204
27483 23243
29626 14303
24980 13563
7836 29591
11447 11351
19569 10345
12740 24617
4844 7530
11327 21818
28679 30719
29702 11688
28608 29072
1430 27159
15689 7547
28751 6748
29991 1850
16153 23466
4261 26849
23672 8366
19717 12098
22443 2351
26969 6518
14049 2416
24234 31813
29764 25376
4296 20146
16450 26698
21089 136
7683 17880
24628 4011
5861 3666
27132 21852
15933 22015
30381 31394
10724 6838
9189 17330
23848 399
2815 3390
2435 5129
30505 27050
14428 32199
26130 2033
2170 30878
15990 14451
18462 9853
13520 7850
29702 24324
13571 7884
6510 12868
19706 11184
28514 17234
17634 28895
32286 19594
24724 20449
14731 1953
1385 22461
24495 29159
27269 27515
9198 26665
3750 10491
18342 27661
19217 17270
25155 15276
28144 20
11204 31665
16132 15082
11210 6950
26544 998
21447 10728
12681 18500
8194 3411
32570 14066
8813 32689
26586 27072
4795 18012
12905 30336
14839 23137
5646 32122
32142 7226
6123 1022
16105 10578
17528 22255
23253 27315
5275 11304
29805 11933
15344 17956
32023 5231
5152 15146
9450 8068
26080 31738
29306 14246
4615 6217
5571 11377
18603 10261
11284 4945
15523 24727
14214 27389
21936 283
11588 4700
16633 27211
12399 8625
13856 31977
14355 11654
19723 19008
17978 23806
5284 13035
19253 14516
25894 9899
20161 24824
29770 11729
3688 31445
26066 12525
12809 17903
22603 15234
9677 24397
254 6468
5677 22076
963 14110
350 20032
11070 20686
953 18328
76 16354
26254 20206
12263 25970
4932 13647
12324 9265
21790 8620
26523 5622
20856 1831
26228 16358
22826 30533
19841 26482
7824 28503
15768 20804
8722 8174
26502 26838
10425 9676
29882 26579
19781 3911
17558 9377
18642 24713
566 29882
2736 7665
9496 27089
10680 23592
21357 2957
29439 738
29242 8430
29235 4496
12670 12242
6312 5189
14865 6405
216 16737
20648 11980
21357 19997
11943 5438
2552 7232
14897 12509
6830 5288
28880 24393
27350 17510
18249 17469
25900 24022
28518 14723
26965 22367
27556 8420
14825 509
17247 9654
21634 15041
2271 5127
10566 10223
17455 14214
26723 13118
18407 32352
23978 785
18296 14519
31989 18560
9814 3777
18500 25121
14720 5564
13985 12697
13206 9508
19162 28810
11084 30453
2813 8028
18252 13355
27569 13379
26497 2939
2524 21524
22309 12136
26656 26502
12294 7837
11614 25877
18230 22109
27673 30114
10043 182
9690 8890
4933 23250
20935 28853
4113 16017
29372 23748
4359 22365
25305 24173
12929 30857
10225 27829
21563 2470
10308 4113
29990 1089
23198 21922
19269 15452
15634 18104
26994 29312
19794 25325
21410 31927
15176 7962
31710 25523
15121 11780
3185 3302
1391 7658
2719 16114
18585 11616
15730 24282
25371 28893
18047 12952
28405 15802
1138 4548
1093 11271
3828 28132
27292 20887
28849 25238
17994 9700
21481 27792
31094 347
8005 24666
8013 32485
11333 10724
2238 26598
22723 27063
7248 27609
10643 8002
12551 2885
14156 11781
7146 13644
1763 17985
10455 1670
11370 30613
25637 28449
28796 83
24750 23963
23680 4033
14757 32763
26593 2245
29309 16995
11837 16548
24550 3789
6674 22480
1494 4333
17977 20830
6047 8640
10310 19741
17586 16503
12184 21680
21764 10455
1650 8213
12246 13746
13741 25330
27575 27004
11231 7566
24114 24116
27905 23068
12781 15896
20230 1811
22642 14275
22915 5439
25180 28689
12424 457
22137 9998
20453 24609
54 11133
24879 22103
14665 12300
6536 5852
13418 9473
821 17768
8068 4764
20661 28727
30538 20849
2356 8123
13562 20412
16334 25271
25728 5975
15973 28758
20599 15098
26231 3659
25762 20653
186 18343
24195 7660
17133 6722
24490 4846
9610 17954
13913 32559
20640 30271
5626 11684
32096 22997
15500 19189
25164 15662
11653 8461
23559 8369
12028 32252
20138 17022
2597 5023
12683 20324
27046 26793
31639 29816
15002 18769
18560 8481
5985 28916
7832 6432
29429 11611
30800 7160
22823 12162
20623 23196
31566 1708
1192 11414
28436 10826
15849 21330
8886 31034
25059 28532
25580 3165
21934 23930
32411 7815
3963 7726
14158 5628
17240 11795
18955 10820
22982 15272
5701 9010
10718 10837
22251 4499
15325 11911
473 17919
16185 31175
26939 9360
12525 8476
32406 19752
27567 1691
9417 32050
4910 31530
10557 23575
1627 22150
4655 29512
5755 24609
2678 10356
14855 16473
28384 24929
10081 30180
28587 28858
5450 26266
1975 22759
9743 17975
19666 1613
895 4542
3304 29083
19890 5806
27956 13861
10605 21518
13359 32611
10199 16360
66 16038
8199 25054
22467 28450
24540 18280
11779 18286
8277 29990
15197 13754
15367 18020
22562 2095
31178 16263
22069 25866
6959 18301
7051 17257
17101 17565
1157 20410
3680 27300
19587 1223
29674 11880
30160 9286
27572 21446
18669 9171
22925 3082
21102 1098
3194 5525
21788 10897
3995 1604
19905 11089
28346 10955
28520 26956
14599 12679
7212 29677
30901 18279
30159 26799
3317 27807
16485 27552
3955 30889
1203 2386
3485 26881
32406 22306
435 6679
8283 21426
32515 4430
15385 28189
22377 28093
8005 11137
8047 4208
22488 15217
9248 6180
1219 19879
14663 12565
10686 17704
20091 18619
12732 11890
1428 23576
30255 12370
1028 1863
6293 5770
1191 775
28868 21679
48 23569
27777 4105
19322 8095
14275 17497
4609 28570
8367 15494
431 19272
5123 19054
30944 20522
11330 17855
30225 32372
1467 8817
14587 31253
32028 7760
29439 15779
6580 28129
32234 29488
4815 1589
19087 18789
14591 19091
1817 23696
10200 22959
9245 2248
22770 15324
411 7421
7025 1332
10149 30637
29122 8492
16252 24737
7748 28383
23744 12924
9644 14328
15917 23210
9231 14459
782 2236
25932 23823
14014 2600
4848 3365
18689 23259
30680 27619
28951 19100
16969 4937
13429 6333
31070 13324
8939 29681
9837 6050
20378 32683
23125 19481
1173 3527
5764 32357
23412 1955
4555 31696
2293 4658
27917 9404
4255 20982
7315 25829
30766 438
6771 24284
4840 11427
8340 5073
11123 13779
13694 18178
4891 31501
2261 4052
3641 6064
8020 8025
6953 27053
31711 12575
21979 9247
30229 26860
19921 26234
26673 4776
29061 17919
29346 676
5750 1133
14913 4918
23096 16873
15607 28607
32659 27988
1284 17868
25893 3532
30585 9304
21880 78
9325 29528
23620 11091
4558 6787
11563 10773
28692 31231
31907 7856
8990 25270
30189 4889
21763 23903
19742 20517
15737 4602
22470 19634
23166 17022
26326 15595
15673 20984
17744 15438
26530 24999
31786 8597
19370 31088
29551 10581
18438 15295
7797 28690
812 27428
18563 5218
25736 22575
27177 5537
25171 8705
25727 16879
32474 15570
3786 19286
1956 15379
7610 21530
30127 28486
26806 6628
17210 16730
32025 23589
19512 2880
30308 7054
12273 20324
10131 16103
21640 5241
13946 4540
21419 14044
29614 6906
26192 21125
3736 632
22162 28148
23867 11347
17975 19522
3484 17905
8727 2417
5297 2741
9795 28239
15795 2837
18940 22068
27309 25926
30466 7813
21857 8488
15394 19117
7474 18703
19335 8818
4198 11210
22557 8729
28251 28065
13203 7765
10182 31735
1708 21930
17401 15480
18317 11504
804 428
26354 4490
12303 28114
3834 24052
10401 1392
20095 19228
28046 17875
29085 6662
15391 32244
27542 18875
26640 10875
9842 7977
29907 4054
19534 11551
23055 14540
14968 5084
9574 23859
19205 8554
32606 21877
23269 23039
9499 10239
28114 10596
17258 4777
4254 24431
10538 32649
10756 31796
7005 4410
8465 20599
32150 4144
18684 27999
315 22437
13528 884
9438 9889
31766 32734
23005 9276
19515 22267
95 32505
4514 14861
6524 17353
17235 8768
7796 17063
21473 27991
15822 14801
18945 29938
25170 15204
4873 4861
5745 25485
2607 18402
18368 15183
24459 1605
23873 8605
8342 11206
26067 23968
8554 12857
21625 32592
16887 25789
21012 29422
11455 5592
2763 4067
19271 30401
2494 27933
20650 24145
9779 8240
23423 23257
24863 28147
3984 15115
26321 15968
7168 12327
25184 19621
19445 15722
8743 14041
10695 3564
9156 29756
1055 22151
19784 11919
7084 20326
11703 22278
30518 27735
18224 21482
16861 21174
3521 10319
26287 20846
405 29842
16695 688
16410 25589
6862 3372
6936 25154
22142 17558
6941 16093
28012 23197
10755 26725
16235 2329
30064 22459
11173 13986
2392 15520
25840 28035
16113 5913
2987 19359
20047 16518
9339 19683
23055 3690
28844 16201
991 29992
13317 18218
8647 7932
1889 8561
10890 19402
9093 18125
32111 8186
23707 20267
15534 1735
7648 16779
3370 31647
15397 10635
30318 23418
27108 24736
8169 20606
17830 23184
8634 9161
17093 31147
6940 17281
3915 18983
4340 17831
26017 13009
508 3683
5418 16956
967 16042
14921 13066
23701 4338
27756 30318
22286 21252
9090 22096
12512 30455
6848 26920
25299 21146
5659 23942
10157 32239
17302 9574
22583 14497
18180 10552
27508 23091
6365 23598
3896 28476
46 21286
18836 27597
16081 27802
17130 8354
6042 25171
19323 29642
18020 12890
4064 11854
11326 23679
485 14221
28718 28628
6412 23069
13392 14130
4960 1153
29629 19758
8276 8856
3686 29675
24709 27113
2699 19767
12171 9071
5945 8741
21632 31494
10581 23965
14876 25696
7150 21907
17767 15361
5662 3100
17231 24180
25333 19055
6045 22191
31048 22194
19101 14321
8666 1966
21733 11042
20113 11366
20107 1136
32631 26058
17255 8971
1900 10444
32351 32131
14724 9050
12150 17350
8762 20387
6674 29381
18805 1327
23521 12719
27040 17085
19051 9854
20896 2939
14305 8016
9153 8241
1531 1644
10616 9016
19460 18786
18149 12516
21566 19043
3625 106
20493 948
30330 12388
13715 27167
7118 16367
684 4469
14323 1390
4329 19735
27751 2452
10693 18634
20279 4136
13152 12225
31011 30895
10643 32612
18887 16393
16499 32209
389 22513
2133 4224
31391 30719
14318 15848
20317 5741
7131 15002
1969 1873
4325 11461
30095 29721
1089 15018
27243 17606
15733 14242
14086 25487
9112 26376
25817 206
22719 25611
29835 26207
24158 24852
7932 28458
1431 5709
20711 28250
30123 8562
20023 22681
19634 1680
16698 17351
2189 20723
2197 11174
3893 17923
11531 16284
16490 13005
5848 4581
30788 6441
31293 2915
31373 22178
27887 6457
1939 36
8598 15831
5744 32062
974 28622
13205 25378
13333 17673
28847 15394
549 15531
31815 32740
12977 12081
16662 15537
21978 18825
21740 14682
4092 20503
26960 20345
20381 31980
15043 28900
28194 28979
24833 20787
13397 29169
14074 5270
20665 26730
9493 10153
10125 21214
527 8540
24077 23102
9159 17189
31871 13287
1022 30899
18476 3196
2408 27983
24115 6089
2300 17451
5470 19541
15942 27134
32404 18867
12829 30016
7401 20301
8748 22323
30863 17526
7860 9275
26465 22173
2692 17019
15150 25568
28764 3715
31698 858
6947 31172
15855 23045
9818 9248
3614 21325
7424 25761
23009 3250
23552 20254
9809 30411
15169 32300
8807 7904
30077 23030
7281 2504
28073 2
3717 22432
23290 24069
22474 2647
25692 30238
6718 5561
26887 2742
28503 10332
13582 1543
21797 18745
16388 4366
3898 31606
6743 31557
21819 12706
15210 4052
4054 29101
18765 10515
1817 7771
10418 9287
6757 24291
29852 3342
6085 13475
23807 23971
25515 1820
20565 4622
8988 14544
13383 4185
2975 12887
25593 20126
24178 24794
21127 8035
18551 28233
3236 7124
16412 20368
11891 13655
16997 23169
3877 8975
179 23082
24903 27684
32306 25694
7470 12700
16886 8527
21414 20853
8211 19861
11887 14239
22274 32390
27855 247
7371 8057
28425 31091
11978 23783
14185 7548
16524 28976
19290 18062
12978 16703
9629 11425
24126 12517
21044 17099
5185 8244
28105 9690
23929 13396
13018 7224
7471 13435
21493 8105
6429 14843
5858 17150
24699 18407
14615 20043
5337 8455
25158 1138
12563 18316
30833 2019
19118 3921
12165 19109
28799 24303
4932 7502
14727 19960
627 17950
26056 22198
4273 22120
6503 32485
18124 10132
30175 31202
6889 32740
1110 2745
21061 32047
1298 13673
17595 19126
5467 20416
11952 29760
4495 1498
21458 16884
2066 19222
8652 22085
11438 28122
27839 12926
23058 17941
16375 13196
13168 20465
23210 23264
22543 14278
27951 11503
30629 23841
11489 12778
9771 3328
4826 23441
7557 14266
720 26284
15602 9624
4978 9372
22298 27040
12213 50
13246 12588
286 28588
19084 26414
7924 23496
2232 8859
32700 3107
15886 93
3422 11421
2095 25657
7155 8248
1765 9652
19276 7875
17247 17367
11639 24255
24305 6778
19366 23852
19672 4783
31197 19652
10381 5988
14847 6353
9460 12613
12706 14779
26200 25346
18235 16128
24377 28295
5180 25390
497 26142
10741 24456
15943 17745
24523 22380
13464 7480
12263 11121
30774 368
6356 10692
17045 8387
21000 21203
3214 26506
19084 938
17067 29414
24942 4552
29942 8676
2050 30122
21810 30440
15417 12791
2403 4986
12466 7172
18293 15867
16235 24730
2654 16299
24686 22591
11026 19700
13438 12918
13857 14240
10886 32522
4306 30924
6832 3060
414 1481
31921 8882
21673 22225
27211 14570
21742 24076
7175 6909
31639 7267
23567 23410
13233 1526
21226 15485
28404 24259
5731 1896
1650 9493
7649 16617
19678 5957
7438 14481
23363 20092
9549 6591
21161 12268
3576 3992
10902 10135
17402 10751
1393 9773
11299 8201
23687 14626
6117 32525
1653 19323
28816 11848
28465 3304
9261 3697
18178 15375
2700 16699
23290 8773
21041 12249
16242 11683
21818 24617
2600 27144
4149 6452
14654 3993
18619 15449
15206 5573
24896 24736
3816 16860
20164 20944
24641 32281
14889 29425
13356 10051
18824 17589
29838 3878
15561 7097
31714 13312
7688 4611
11063 1546
5539 11838
27287 25717
31290 24158
16126 9725
26585 23418
11594 19942
19455 13981
10638 3467
13518 1576
19165 23994
27872 32342
6671 16236
29548 10665
15276 5617
7163 4469
16307 26340
19289 12702
4092 10826
20551 17812
8462 20218
7392 14369
28350 20057
23524 26848
28424 6221
30215 4275
3849 14822
31058 25320
3217 10521
16138 27838
32307 18494
12066 23302
3236 15846
26672 31355
16399 7329
27547 14456
28825 24862
12151 2172
29020 24407
30628 2907
7182 24676
6730 28076
20628 11032
21553 5020
91 23845
9571 4923
28225 32398
15477 21637
20225 31462
6023 9381
23837 3856
28718 802
2974 19894
11534 8101
11009 31994
23903 9394
4702 18191
29223 30633
2886 25330
16408 18008
22932 2977
2607 25979
14849 18389
17083 18084
27466 2306
6162 23106
23909 18535
5662 2113
10214 26883
26110 17196
26590 21223
6647 17245
15110 31293
23855 3102
21111 17996
20973 7495
707 11275
29664 23581
8897 15556
17862 13980
4318 3595
22131 24024
26137 28227
22343 27793
12221 3584
24807 15685
162 6043
4568 31454
1789 15272
501 28424
3151 22900
1407 21474
12287 3858
19414 31071
12283 21185
24780 4508
28533 16602
12061 14143
9168 21902
25486 1636
17321 21389
27433 17526
16212 17483
32756 32001
27657 18001
8133 489
21963 30809
1899 9540
7844 1483
22668 21314
25822 20127
3961 14680
28824 21587
10722 16023
17659 5224
26614 3440
20966 2213
19696 21279
20512 4411
22412 19684
20173 15402
13443 30546
7318 9369
10852 15342
3888 15162
2522 752
15432 29711
18530 6483
22506 11488
16713 29252
32693 7398
9611 10559
31838 20891
25302 29307
16224 19582
2216 14947
12725 3629
12998 15659
31002 20043
2438 23850
24602 2122
31833 4960
11443 7267
18755 17596
14080 1182
8580 2700
13259 14005
2129 18191
14730 12329
31912 27431
9610 30954
1816 1360
17020 22335
9611 14814
5897 15254
17376 12049
17009 30499
4998 16442
1270 28452
29634 23754
26454 15350
29356 5446
23637 6946
19275 31485
26148 5600
3786 18419
19780 2991
25326 5602
20417 4032
19286 2169
14218 26314
24045 3894
20336 31227
26912 29044
20030 21606
4189 23778
29225 13716
20662 777
32262 20094
25694 7170
25589 25642
28633 29481
2315 12601
16633 21192
23361 22732
16278 3151
7046 4812
3271 7556
3832 27382
16221 30183
21194 23862
4810 20410
21187 17651
4977 25473
32643 20681
13555 30672
27385 25464
5298 9421
30613 29700
19665 21931
25083 21206
26018 3175
10731 32129
26743 29290
26705 14563
5657 10196
30606 15131
14 10468
3173 19025
6938 4992
2896 3048
28512 20494
29915 30281
27213 1042
22974 27760
16198 14110
17286 15289
14650 9449
5971 28017
9813 8625
18822 32676
15040 15470
25938 16660
2918 15054
20046 29111
32159 9856
30350 22942
20455 27904
28946 27497
22489 14901
29011 19152
1673 5920
15369 13529
8779 16323
24949 21340
21248 18592
1294 11003
27663 3520
18575 27233
23576 30581
7670 5853
28796 22968
18104 5252
32750 16483
31384 14282
667 22471
28391 27628
8389 2340
18664 10992
32332 17168
2992 10845
21848 20813
24333 4287
31520 16743
14557 10140
15994 22328
12528 22227
27479 12022
28505 30632
12147 27461
17165 27122
21982 12814
15154 12788
23781 30371
14772 1050
11895 23345
11390 17764
22051 975
17719 2956
13096 20803
10364 32276
21735 29090
8344 22892
20757 16446
11140 4082
31204 136
12950 28305
8325 20418
18021 28104
29155 32106
22684 25
17790 8282
9258 1306
4262 7073
27877 26977
26485 17359
13681 5473
28365 15452
31898 22026
26108 16354
16490 10270
5807 24544
12194 29440
24777 14133
13471 30215
30241 21164
29446 3387
4694 15263
22336 5936
145 8956
26315 17445
22918 26630
9314 7229
29255 18516
2102 8445
18715 22595
14371 18593
15265 24523
5888 26565
24012 7274
28438 19359
22747 21485
3980 25117
31053 27441
3629 26317
10994 31199
25061 29945
4406 1145
19661 1608
10053 893
23488 21763
7588 28768
20523 5091
31656 22854
30128 26411
13003 22900
11618 25799
18148 2982
30423 15598
9147 16433
14864 1284
31229 20142
21287 7158
8766 2867
3760 8180
29943 18819
14819 27248
32339 4764
27618 2575
28986 31227
21360 24978
18009 9221
12203 210
15808 3389
19823 9858
11143 24956
12330 1919
9077 9604
12472 849
9029 17843
3894 16232
10713 6204
10968 18714
21289 10284
8744 5818
30797 17507
26729 30104
30314 16038
19428 6164
16023 13354
5542 6483
8402 27166
4002 17872
18721 17480
2555 16474
32707 27750
1187 6450
25164 10652
20936 12155
17974 13685
31192 29680
27016 16003
32041 25153
31318 24562
5149 18701
25184 14573
8971 10691
28564 819
18299 12973
29448 14517
9500 20854
27304 29387
7271 10687
22842 19700
617 28207
25120 8048
24051 31810
24195 19368
11163 23325
9258 22745
4550 16312
27003 1675
2494 13521
26495 22799
4549 20793
8879 23175
19794 14049
24736 3416
23116 27065
22504 14810
22859 23734
22776 14856
1457 14142
4699 14203
4181 12620
28932 13958
15633 8731
22253 23167
13199 18127
6152 15980
6387 17748
31797 15031
18447 26181
20478 23765
5807 8796
32530 10214
25071 28666
10041 22538
3973 26528
6380 14740
28698 8154
16886 2544
25711 11563
29690 6371
22351 6142
23890 3074
18106 28738
22151 22919
13916 3785
12581 9861
20075 19724
15622 12343
2113 12378
6138 25663
7636 6087
14241 12518
15062 3566
15130 31127
4730 8006
14148 12052
15127 27081
23051 5271
28190 465
4250 12434
22295 9339
29063 16832
29175 9603
21981 11917
4813 31289
4608 28120
7870 12449
16015 18849
17209 22933
30939 31145
10430 21939
16253 12319
17590 25557
26022 6536
18971 13013
22352 30272
14336 8498
18101 18647
30564 10744
9265 7315
2667 2609
15058 13873
32722 10537
702 31074
29451 17163
6335 31641
11193 7113
32670 22588
29124 28783
9028 25924
23429 15327
23826 31380
17259 4997
15741 9159
16474 15056
17665 25006
6111 19141
29679 32724
31030 6066
23229 30381
29255 27713
2059 29564
19384 7680
3695 1961
27886 15741
31068 12724
11336 18547
23544 22126
31286 28596
10884 6518
31524 14992
1366 28549
28505 4868
10934 31045
28658 26767
21713 1395
30960 25145
57 23772
25733 17576
549 3753
16477 20851
6630 31618
20976 27813
23641 30175
3925 19494
1719 1757
30307 2681
7549 3085
1362 26044
20044 18483
19879 30020
22398 8989
32761 18071
2879 22455
26208 25726
13810 3429
2279 9917
4963 20440
17847 23255
9982 28604
30362 21772
24454 11701
14786 27901
21177 32003
17719 16148
13400 8453
17442 4830
22901 3030
25486 17435
10394 25780
29209 18926
28844 24204
11876 31488
21976 1039
29643 29724
18728 31958
10891 27237
22370 10414
9650 25677
9057 10780
19233 27369
32199 22457
25488 3908
21343 22332
15344 18206
4364 31737
23173 11786
10506 440
1479 2282
32006 32482
31672 31123
25592 17966
28381 9795
2704 15195
25975 5263
32632 11761
1451 12440
16348 32063
21627 26939
12377 4924
3893 4203
15989 16741
17182 27067
29349 26496
26210 18661
17016 28587
13785 25115
2142 9841
25036 9398
14661 4847
16608 18243
30683 14525
13820 18059
12230 14264
19188 2679
6883 24607
8581 23081
17380 22872
16600 25763
11656 13961
9780 10043
2390 28673
5746 23566
196 4532
9379 30782
16257 14858
29383 25988
11279 14172
28436 10436
13115 23510
15349 14856
5170 19998
10103 23930
16925 22550
3744 26703
3978 28582
24487 13524
4322 6368
10901 30233
28247 4519
19377 20280
13500 11736
25908 15992
26428 24780
15522 21577
3665 6776
26774 30871
22034 8835
31386 4109
30813 6191
2005 2362
15886 2023
8392 26492
23957 20209
24728 19293
6805 19436
31172 11337
27329 20306
12318 24313
13122 20990
27766 27840
25943 16787
25623 21772
25882 15209
21401 24241
26603 23927
25950 23406
17131 9721
29930 1574
20867 8320
27757 21890
459 27673
15211 26161
17706 27789
16011 27529
22601 30828
14848 11009
13 15776
30986 7703
31944 25895
17054 19619
10257 25779
2732 10237
11811 27388
2941 32663
21785 32679
27584 30698
24091 22245
17266 10027
4788 9030
7090 509
11518 27389
10397 21938
29641 11531
4659 8615
28234 28817
21828 21713
31950 5724
344 24561
24456 10994
10905 3285
1215 13473
2950 5721
15748 25307
1569 20216
20725 20536
15157 8659
30598 32243
11007 25554
1402 27471
23521 15666
4611 29636
2592 12581
4374 3794
14788 2937
6222 28830
9536 25693
31414 7438
32745 12486
32703 14394
2162 1546
10205 20660
20136 17319
10105 8035
2739 31143
14041 11507
8376 26260
6073 18652
22446 10968
13905 10448
6510 4466
30159 20128
27566 16046
28533 28805
10431 27543
29089 28468
16360 12593
29912 6526
14562 3728
2103 7250
18757 17301
10793 16144
2029 27133
5334 16866
27314 24475
28942 19239
6599 1057
17103 26333
22371 1397
28940 12868
8568 34
12628 25261
31788 24929
28657 9772
17022 13582
30883 30761
14137 3012
30145 8908
25774 16166
7874 2711
21951 20321
21378 4048
30381 28550
29948 5713
18582 19984
20019 26120
18614 27150
19311 32647
9651 17634
31216 15201
13194 26674
29686 29331
5471 27331
10730 27063
29775 31245
18798 18604
22652 18958
14740 7408
13122 20265
7482 11920
5273 31704
26086 27501
27380 23887
8753 12630
27831 4263
30937 7201
3764 8257
2820 27855
22151 9235
7712 13550
32154 19158
5348 26511
1151 22038
9536 20088
32009 14273
13209 17018
11751 4514
28401 6528
19158 6363
10626 4386
11587 14221
22478 8796
3883 15351
24586 25298
6081 26034
12424 32298
26041 5467
27506 17772
5093 27193
8698 4274
21292 4334
8848 21908
28436 275
6638 4481
8867 14826
29047 17264
26060 20454
3037 18757
11287 29944
23210 27623
27153 17368
22836 2867
20639 20427
14852 17574
21848 25732
30066 23550
12690 10372
10647 6146
10627 8358
23184 17285
1781 19494
7180 19463
5452 27842
25018 10217
5072 16740
1340 15460
18327 32226
19885 24176
8982 6199
31931 1969
25519 30830
8434 29230
2608 5442
13800 19081
3598 13236
32730 4217
23680 5380
454 7143
17360 29133
13105 25472
8164 22433
21891 14445
5854 26492
32691 9008
10977 14836
12899 31854
28316 3728
9170 21333
7647 30925
11393 22971
27188 11245
16625 11355
18498 18100
14465 17079
9783 3091
25524 27570
9248 17948
11672 14647
23655 15102
29938 11595
10681 1864
5592 10069
31403 6230
4387 14763
4966 6282
17527 15780
27135 32154
17486 1385
18464 12866
15957 31952
26754 28248
13428 8713
23360 3234
18336 25100
3927 14247
16111 15507
25576 14608
20838 21703
3698 24211
30493 25225
8237 8664
8050 15253
16638 2605
15471 25537
24721 2334
30582 31428
7373 18707
21942 11242
3574 30733
12212 7510
23017 7501
22110 28323
17258 15826
7269 10180
2638 20957
29621 4995
20248 10875
13480 4904
30441 4118
6452 28951
27611 22394
8333 4267
15509 2216
181 30275
5018 19084
26585 12393
7948 28035
11093 15927
26108 25207
13396 18363
23358 28746
6853 10249
15153 10838
14956 20334
16517 12826
2452 21408
25675 11361
13577 10786
8293 8417
27501 13759
26152 13311
8579 21318
4478 1333
26540 19672
5267 30586
26564 7168
17417 28625
6695 649
20983 32571
12629 21651
10292 4733
16094 15082
25868 3199
11616 29671
10662 1393
14705 6349
27668 4047
5380 23284
10188 32146
29964 31920
6320 15456
11313 23760
24409 23737
23540 18009
6892 12625
17358 3402
18484 17184
20384 684
30355 11584
12977 32000
5582 8250
12297 27682
18198 482
32628 17677
16829 28387
11075 29824
20816 23149
14118 22388
7629 12457
25082 4891
8293 14522
31706 9672
10356 26777
5593 19322
18555 7944
16194 18570
13485 24137
24619 28491
13400 31683
27302 24479
21535 30229
20610 5609
27998 9583
22040 1960
6851 2859
17381 14355
24027 15144
9153 16320
2874 1616
9560 14746
549 21429
12798 25754
21477 14034
12949 4649
29128 2109
32338 7484
13093 17895
27478 20180
22140 8323
11183 16751
31106 28992
11368 28564
12116 22365
23981 20522
2500 14991
3652 773
26527 3049
17083 16451
21100 15236
17345 30033
4749 17461
2588 16915
4327 17842
26166 30067
14050 26468
22692 4581
377 12388
1985 1292
21814 12494
27485 25967
26740 24315
27364 31137
14820 20500
2968 11680
8945 3153
20614 20314
4461 13694
31536 23202
20501 8789
2489 24934
29515 1783
14171 25181
26473 29893
9619 16157
9356 15520
7067 4336
2705 3328
23828 1663
13343 17526
20679 26797
14343 22288
3214 8525
31727 18804
27593 1983
26917 19461
21244 30082
22495 23665
20790 2648
18805 16201
31721 30409
1977 28161
31489 6020
7683 4682
22208 22550
16579 21027
10547 10119
18644 30922
16958 13762
15745 17604
4297 11784
9098 9894
791 25541
28189 31594
15027 21581
19222 14226
9619 13980
20000 21199
25882 8341
30891 27683
15942 15322
25442 14702
12856 26490
7484 11318
28922 29814
8830 23229
355 451
25993 17929
16755 1147
22728 21414
2873 31782
12994 9183
30382 12492
20833 226
27909 23496
6051 18956
890 11084
4806 31493
10043 13746
10793 12290
2751 6198
6649 19623
4784 3106
4253 32642
21289 21539
20553 26982
3397 24162
3886 779
1005 1011
24508 24720
10908 28915
7231 30559
29284 11799
25545 12037
24327 6559
12757 3570
23194 27078
30184 19407
19281 27978
16750 1670
28652 7802
31964 4535
5315 32049
292 3083
27803 6320
2467 24800
22591 5943
17742 9698
21735 19107
25667 10520
14090 13294
7604 5656
25063 4516
32495 5021
6691 11577
19379 16477
21012 2575
1856 18576
21659 26327
32648 2148
26949 16694
22637 2347
12046 16772
3112 7612
18132 1013
14308 28779
1667 32222
3971 21912
26933 26731
5540 3698
20175 856
3431 24919
10727 8419
1979 5287
7436 32386
16312 1859
4206 1617
18389 6182
13794 16252
17266 21501
17512 31926
31380 31574
20718 19180
13143 2583
6281 14884
15740 18683
10834 26456
2108 19172
24459 21562
21180 4087
5946 31895
744 4725
10907 10152
26405 19134
7867 24701
23859 10903
9709 25380
11792 22471
25055 30427
12543 24935
10850 31336
25025 28284
14688 21684
10478 27133
31220 6379
5507 31659
3616 4398
14550 6251
25385 14523
6456 8187
19090 485
25865 30315
20018 28799
26459 4889
29824 12305
10874 6234
1750 7906
29590 3131
30264 16438
22818 7301
6192 28716
346 28325
1808 9808
24331 14896
23084 27194
27679 30787
28334 9406
5438 20776
25665 15584
27890 31897
5363 22721
30627 5996
9127 7114
23552 27449
1982 6623
2571 13602
9159 8174
17982 2917
17813 10968
5394 9545
7564 8129
17536 305
21081 3130
18715 22974
22103 13978
3931 13837
19833 27466
1812 1790
29239 28960
2815 25365
6199 31222
6628 5386
8303 15359
26327 24611
1388 26116
1478 31721
32026 8953
12083 19014
9220 20339
1549 30798
11867 31323
26021 5480
7270 31700
27892 27834
20431 3741
2195 30707
3325 26630
9221 8824
667 11628
4977 2780
1733 2055
11008 6455
25469 991
21330 23092
21122 1921
476 22879
28359 222
31922 26497
21563 2861
6603 27047
24986 9226
3089 8798
17622 28312
7172 12310
15091 18289
20345 12149
18604 16824
17816 31353
21677 11305
13226 6378
29258 10032
10254 13702
7432 24849
27711 9408
3687 28995
5454 1546
10344 28674
24218 8543
20853 27967
13488 31390
10772 3176
20001 1065
32419 29376
7914 5049
11427 21328
31360 21140
2075 7917
32767 8846
18255 9507
5734 27710
29256 21942
17848 11188
19731 6832
2031 9298
7921 7817
10993 15520
16585 18693
15301 30994
3275 16236
4797 23215
11588 14703
22620 3389
12236 13663
23170 22619
17561 30491
19665 28904
7325 14049
20882 4746
14044 27056
2105 22913
5665 21965
7890 13099
11325 22251
5719 23192
13639 14601
29304 10516
13906 25227
6122 19156
9008 26142
23865 29292
25429 26569
7851 10762
15508 32754
27042 28733
18878 29553
18750 29148
9479 24544
14027 26641
17065 20804
2637 19746
30263 30704
23164 31941
18330 11401
4775 29286
25811 27338
21139 28640
6634 18472
18458 28990
24955 22143
18928 12732
9112 11066
2842 4910
31551 18591
6628 16869
3847 15848
13785 9265
8439 1342
12743 4181
699 26769
21339 17518
13390 26510
12214 9710
5933 20025
9400 30672
10637 30888
9186 28328
470 19749
5573 12028
28897 32022
15102 12201
21466 32745
1319 28887
300 29905
23906 14063
31581 1000
27510 12477
22188 12204
32229 6957
4861 28121
26241 8861
4421 15498
2480 2660
14688 4891
4145 8053
20254 10818
10795 19248
15367 8952
6090 12114
26177 15668
16668 29996
9706 24991
4427 11410
18367 31894
27247 3888
12749 23229
5959 20720
23380 17170
22061 8439
16492 5301
16119 26207
12687 3978
12931 26914
6260 28054
10954 19021
16249 32438
24661 27622
6265 25955
25081 29088
208 24632
15093 19560
7513 12957
30127 21053
29492 30893
3426 19420
12859 13217
17195 19545
13691 25546
20833 30126
16379 19952
19622 31787
26642 32629
25816 11515
7835 139
24771 18130
4922 8043
21000 7097
28150 12435
10561 18359
5011 24874
5323 13987
765 17871
10649 22519
19877 14456
1640 31482
30502 3489
3350 21262
9 24376
24515 29166
14528 7844
15887 16518
23615 19451
31886 4119
22478 18997
11104 9679
23667 27490
12593 16427
6178 24432
6120 23242
21957 26056
29545 7761
29023 19691
11299 127
29293 29033
4109 3046
19564 11054
30505 19997
24116 10412
29409 29623
6535 13827
8549 7745
24173 30202
21866 21142
11616 30351
23639 27986
2979 805
20496 20416
20543 32003
28268 31795
2073 17069
28123 32377
19606 21638
32050 25860
22715 10955
24782 28691
3669 29250
26684 563
21705 27842
25425 15782
11001 553
1359 16297
3945 13980
13215 21855
20883 24489
8790 8715
8325 22956
11826 4145
30005 27931
6118 11108
7032 19952
16435 30900
31463 10701
5775 10351
26134 20400
20954 31200
14729 4367
18347 22313
11400 18675
10396 31563
7510 32283
22472 19186
23331 15835
10999 1530
12639 20568
7752 17117
15250 19671
30372 24187
1771 13945
1578 3379
1811 27905
32272 22532
12077 16541
2448 17851
16646 23477
22993 12844
32030 24157
7224 12697
14227 22593
10393 18223
2573 26866
13769 18145
9565 17823
31768 11373
14752 11336
6473 578
23110 16564
337 5977
23828 2419
25897 2785
15629 7707
31864 16122
28819 14891
4716 6320
24544 10278
4377 15109
486 27117
12172 18146
29520 10051
21387 11172
11751 11504
28068 27860
1069 2093
4513 28405
31190 24898
32605 30410
13764 14051
28942 31701
5253 9815
20093 890
15999 29797
24146 24470
9849 16486
26537 3550
14723 6601
18105 15157
10249 26474
28567 13406
9043 11319
3449 312
30722 7466
21517 3286
2219 11718
21533 17692
18582 7472
4502 8859
561 1814
18300 28648
32199 10410
17011 12069
27226 14154
7860 2349
15755 4708
16027 3659
3972 24798
32264 19476
22762 1926
13645 21014
5938 24981
32453 2410
11269 24520
26334 4187
68 11831
22241 11866
23936 32267
13653 6485
8834 18394
23102 21513
25172 24589
16619 6361
25837 29144
31071 16116
4362 15831
8044 11948
14358 10300
2052 7730
11917 25628
4691 28387
7485 11985
11484 26932
649 31421
17048 25137
13882 9483
1304 7382
13744 6287
2663 17924
1272 6813
22645 966
12914 5634
15934 30689
5651 27273
20133 17986
13605 17569
29554 24824
18988 21091
19744 8271
640 19638
29121 4024
11407 14523
20810 30426
15582 25151
31964 23473
24440 16854
22488 21841
19763 4586
31859 5654
23640 25414
10215 19224
11280 4478
25569 7002
15273 30269
17139 12545
16570 15913
30436 13492
11150 27977
20360 18478
9184 26732
10818 19556
8630 856
5442 538
6192 28393
21039 4534
23758 29833
1543 31255
5489 2271
32540 27112
6889 20762
3907 16911
30403 23459
18668 1576
20054 8786
2750 6260
25817 29238
30094 13569
14107 1679
30072 2769
7303 20300
17365 18343
16830 31061
564 18908
13252 22319
10313 336
17247 20141
10833 14221
15797 14883
23669 29501
2994 3083
32322 26419
7220 28811
30490 29648
32417 21328
8860 27794
13369 6952
5246 26225
12365 30200
19751 5810
6147 25617
12990 30065
11518 23394
5509 23823
20557 27315
30398 29178
22830 23551
19594 29952
26833 30050
18610 17316
12342 26482
667 27470
20927 25711
23143 5913
11723 524
26141 10127
7424 17870
8497 6364
30187 18942
13489 14006
10417 17976
8759 11119
8304 479
30529 28353
12901 2369
28851 16372
11074 25243
18187 29518
2663 32002
32526 8562
18689 14387
32257 25900
32264 26113
12287 7986
21993 29683
14892 25776
4128 32410
121 23651
19237 12432
14801 30650
14254 32138
24614 10884
7635 25329
24563 10033
18595 10298
24685 24321
17453 4517
30630 24175
32161 16949
13865 10150
3158 21386
21028 28757
19640 7286
19718 21149
19032 6109
5480 1751
12636 518
25847 30094
7359 20271
30569 17642
9196 25954
30471 22487
13894 26649
10831 28334
5716 13287
1906 24696
20685 8874
16161 22934
11316 7557
13667 3111
4863 30348
30866 19147
16473 17499
5002 23946
8820 23832
17018 2803
25290 18016
11898 14722
10288 6416
19704 22729
14657 16004
24878 21610
11776 2574
10131 8271
11383 23092
20672 23798
10177 16246
977 18771
9949 26650
17714 5979
8782 18769
4018 1965
16687 1305
7721 15916
5877 26975
10211 27425
16267 20534
23108 2321
10593 28044
18368 471
24270 21976
5454 6273
25044 1679
28330 6431
12410 2225
20994 13276
15241 21192
22497 25012
8160 31928
26135 30219
24876 14037
1803 3578
5900 8376
3652 24911
25383 16493
5701 22020
28293 16885
18564 11155
17586 20569
22794 14126
27403 29996
18420 11021
3265 9876
9037 8150
5601 11426
25463 2404
5983 30477
6085 27267
19410 11883
28376 9737
31758 12025
28910 1309
12464 27283
15085 14707
28833 30050
27278 5111
16132 23468
577 12930
21080 19398
30824 9614
12018 26681
24391 23519
18018 18001
29884 30476
7446 4661
16686 25492
26801 6436
951 12829
27536 6497
3779 16036
21148 23601
14302 31057
11220 4512
23910 14879
24493 32300
26214 21966
12718 3743
21745 17837
15545 30736
2629 18861
11586 22991
29427 19316
32145 5619
12117 30379
13647 26913
17746 15896
14186 2027
6540 32048
14159 25406
24938 30450
19649 5884
9628 18384
3453 32367
30335 31373
17466 18999
9222 197
19513 29052
1904 5882
3493 18890
13035 14021
29917 17140
19168 30781
30062 11335
3973 25708
23390 11453
17338 28912
14528 10271
9870 26966
25571 17982
4213 7438
7635 10269
6554 13435
19317 27148
13270 8458
22479 22810
7183 26305
24318 19628
30964 26351
19291 21612
298 2169
31081 9913
20185 17636
11834 12842
30824 30055
4725 4637
14906 2269
15704 12360
6740 21460
29918 2254
25064 20010
13547 19629
6490 32247
25830 5098
26710 4686
6855 12353
22267 27008
11876 5169
18011 9684
6971 23710
28347 16067
18336 11697
24057 10486
31946 1272
3526 30798
18040 29097
15958 28591
28070 31588
3918 22448
27134 21133
718 30628
24869 1222
6391 22985
32669 3977
27688 24402
7701 6873
18570 23267
985 26037
27309 9859
7889 164
29261 30836
26659 25930
24750 12451
2132 21961
10326 28668
26528 29266
30488 11045
1262 18629
22607 4111
28513 1164
8037 17527
8026 3446
29483 26607
3698 9012
9176 24025
22093 11588
4750 5669
18120 15984
5177 29500
25400 20252
16751 15504
26549 19160
5022 14471
18583 27811
28975 27629
12388 14328
17775 4244
30851 20414
29426 14490
5747 1782
13370 5834
11503 27840
11056 18120
14852 29624
17108 16234
31738 7484
26644 1091
15563 25519
20562 31666
26527 1378
15706 16770
21014 6147
26562 713
15204 19098
20880 23220
29055 20951
16024 1482
19602 7790
4646 27080
10546 1686
9170 21755
22846 9516
2267 3046
1945 5641
7019 22830
6832 28472
1852 22726
23439 27846
14176 28414
18866 5875
26827 2288
3770 15153
22944 10083
4395 23372
25058 27590
16577 14942
24458 1460
4507 6656
12297 26726
16788 6452
2156 19317
9275 23620
18698 4008
32422 32714
5822 107
2395 18521
906 32649
9964 6166
29538 23850
18673 14359
29301 21829
23289 2482
9138 20992
14950 27796
1480 21436
7985 31738
22590 3637
7645 17260
17206 8520
8627 7300
25821 23028
22909 11023
17189 26727
17810 105
14465 13959
3020 3715
6197 10998
31990 26310
21338 15336
4004 14172
13142 22819
26456 11989
29249 2964
11485 1333
8633 13687
3948 20112
31135 1686
28414 26857
26963 15556
29516 13456
17171 8660
19658 32536
26078 23368
5936 18881
285 14649
4700 9940
21929 13428
16392 31156
32489 18410
32098 27877
15222 8355
10041 3278
30135 13589
29146 5687
19143 24330
222 25894
25662 3546
26915 19881
5994 18973
854 83
10024 6279
19707 5554
3942 31953
17596 3332
31209 3663
12018 16926
20204 13663
27253 22060
27747 17571
9134 23631
16757 14123
17669 9356
29237 9651
28624 11816
11900 2463
8743 29478
2264 21924
21109 28450
31782 6206
9870 5937
22863 30224
11119 21888
11180 10299
27871 5604
29235 6160
20283 4237
13593 13224
22876 5184
17001 10063
12526 18732
15443 28901
18057 21269
16952 17707
23914 6398
12336 15966
13422 1016
22904 2431
12731 24542
30146 1317
7477 7834
12071 26614
7070 27760
176 25664
2959 29946
15911 17177
13310 15486
3987 31354
16293 31367
4998 20939
4138 7439
8455 17334
19765 17560
9334 31360
32677 32496
7562 6713
559 7386
2378 19633
12530 7629
4808 2554
19732 15489
30975 20719
19305 274
31642 2195
23134 2830
10270 3872
21206 27272
12065 18725
17317 8203
7932 21399
28112 17226
24612 15494
2360 28671
3533 26990
29545 14890
30379 8341
29060 16509
16783 28587
30782 15597
18427 15657
19529 21148
15653 28697
14655 7967
16171 27718
16349 31972
16431 24103
6829 11694
7597 8275
2498 9189
24079 11130
19471 32043
15784 21691
17510 15763
31360 32567
15457 15524
3904 17020
12949 2218
10186 19557
14507 27604
26809 26357
17692 30857
9783 10472
18747 24521
943 17380
28511 21245
20520 25022
13945 15214
30978 3536
3336 31455
14211 29570
13822 18793
21011 18116
4905 26772
21608 31197
24786 19413
17502 15649
26121 9710
1464 27285
11897 12101
578 2407
27429 7640
22855 21099
24635 8607
7294 21065
17867 27971
13996 21506
6854 31690
25694 2240
669 11759
31172 14534
30184 25456
2398 15906
10423 23537
2870 3862
6269 22321
29961 3449
24548 931
9538 20048
8345 16415
11619 16832
5570 26213
25135 25615
27855 12424
24184 18061
32595 28525
21213 22588
5727 30011
20781 23611
27474 16150
5703 23651
27100 975
1906 2897
22945 18880
2528 11444
28277 31291
24736 14147
6994 1079
13504 17103
2396 2082
30607 4920
27508 2223
32235 19052
9895 467
16618 20248
11131 4601
5577 22321
25218 5464
24344 7483
18928 15396
13919 26872
8251 14437
15516 5887
22990 15246
17328 29020
1172 25386
27609 15167
1451 28681
29148 27076
14556 11346
15948 12998
2552 25688
31152 21525
29008 27770
10398 22728
16833 15168
29605 24317
30204 25084
7562 12354
8606 20426
13044 24890
7289 9779
5692 7886
2194 8740
20087 2072
15071 16751
9671 3267
24792 17623
12625 8055
30783 21032
3433 23024
14573 14848
7165 270
12624 12010
32436 14727
6850 21231
31010 12713
20599 14139
22880 3934
6006 22793
6776 10199
13466 21077
5932 16447
24502 5490
26522 18558
8814 22518
4598 29955
30226 23387
2629 11763
26491 10082
31313 2298
15011 573
14712 29555
721 2842
25635 4824
15023 6728
27805 32412
16091 28489
1211 970
19528 7826
30344 27734
24921 28342
18961 2174
13938 22379
32462 21591
23889 7661
8234 31007
27795 6132
8974 22946
27771 28516
2476 1841
1485 10026
5748 30282
31252 17577
25403 6959
1925 18012
13586 22979
25153 26847
16458 32547
21370 6323
13984 16152
14392 12491
18623 22218
12397 9419
5167 27597
29439 7400
17426 7644
5158 30924
15733 23174
30134 3642
21654 8368
31347 32059
26138 2472
2251 23733
30056 9829
25981 23622
3345 11273
723 7605
17024 21969
16798 13120
20520 22192
29836 13469
11626 5179
28353 2226
5868 27359
2960 25719
25011 27522
29994 1539
25272 18381
28210 32245
23099 22561
1066 21424
29029 26445
15646 1789
14910 13286
2710 32444
13146 2662
7841 32546
2004 24772
19363 3427
29146 7872
2626 22323
23863 21389
7003 32620
32097 16367
6160 2445
23869 22429
16106 7226
9016 20131
649 31752
31428 23926
26588 3359
3137 11806
3810 1662
5089 5141
13013 23174
12729 1467
22857 15639
15491 3824
20192 29860
32305 14820
4481 26352
811 23407
10770 20587
19571 9827
985 11419
14778 18232
30038 27573
29235 17915
23056 1081
24255 1556
3024 3301
18940 4216
8041 25881
22973 1663
16483 28233
21817 22510
13149 20965
8784 22628
32455 23919
2570 28356
13820 672
28246 17348
2495 11090
12171 24713
26270 25551
28852 3658
7875 29294
22407 15024
16687 15916
11381 12612
2354 403
21368 430
23059 15504
6655 30152
25740 22746
23419 9226
26574 6792
17883 18897
10842 29070
21853 30054
945 4344
870 17938
194 8820
24736 23277
3121 16882
17285 3349
3779 5476
20980 5885
3269 26838
16817 27635
4093 29010
3034 7468
26365 30668
26970 20917
18204 4439
8784 16055
1225 19149
27969 9654
164 1420
18302 19937
23286 3285
8761 2819
8704 27065
21136 29741
24609 11973
8215 5185
12653 28702
26602 11250
32167 6250
10689 20804
4092 17603
3984 19473
29128 5317
6737 31953
19122 29292
32577 25039
27858 9640
3938 8571
5544 3794
15768 25074
30259 30153
26088 23983
2465 10144
16394 19922
7959 1865
19468 27083
13789 12051
17368 23453
22638 10149
6673 24106
16377 8993
18633 6482
15053 11468
15262 22571
14877 20598
17983 31030
22246 12368
22512 11303
31226 24711
26576 6138
454 6417
18468 13277
3962 14243
24392 3068
27174 26600
2825 31065
4779 10784
22252 21459
11262 19833
7663 4746
3009 26140
5740 25646
4182 25255
17198 28253
1623 2640
9057 11007
24284 2077
16320 27525
30593 28246
22078 7944
6241 25000
3016 24904
13595 11021
30854 25268
30014 24857
18229 5749
31395 255
25510 23970
19455 2809
5449 9941
20948 21078
23156 14506
9263 12464
7942 6708
14653 7089
32089 30020
22156 20894
31915 2337
27605 2983
27841 30001
2982 24851
25107 13302
4504 1610
4419 17849
27790 23959
12270 9869
24375 15970
28434 2658
9366 871
7960 3608
861 24019
12146 7281
9618 23017
26001 11293
8527 4455
29306 21074
1608 11509
13119 21645
6727 6113
30072 17539
27408 1749
17720 9574
12232 19015
19886 13386
16995 21599
12850 27846
2359 17856
8105 24996
3522 11977
16432 1338
22412 12049
23558 12971
1848 24021
30134 3910
21449 8575
10325 27438
4245 16089
2336 28045
8663 16477
5308 22223
17301 25658
10746 18159
10387 19661
31638 18852
20190 13909
25958 15303
28274 9835
1088 16749
20659 30122
5930 31222
25892 9340
25429 16255
11532 30137
13847 27765
17220 20195
13086 19155
4546 1754
21415 23832
9916 14934
28843 20285
2820 30107
7174 22034
6015 31094
28449 8262
6716 26674
3246 1611
17866 32608
29978 28675
23672 29398
16825 11057
30212 8125
9879 29911
20976 1991
16925 31294
18811 30892
28231 13000
2266 21632
19958 2637
10899 8281
2187 15639
17250 17615
17456 5433
1340 2348
31746 14666
25723 25013
370 15804
12947 23167
25158 10249
8775 1155
32048 9315
22316 27586
16450 27511
30149 24582
96 3641
19280 8280
25896 2283
7717 3763
6111 10584
25250 9057
1302 5090
20894 18205
8604 1672
11921 1073
2229 995
10310 20696
15515 1509
29020 32626
24441 31965
2838 26401
1914 24537
26820 22119
25882 27810
5626 1769
10827 31993
4315 30876
16313 12129
13802 25209
26283 24917
25912 25723
13652 28512
30021 3455
3313 29167
28364 26273
19907 27754
19523 31203
20554 21821
16863 13576
15345 13668
12893 22489
20597 26172
5534 17209
9650 4142
29059 19336
12291 3165
31677 22204
25659 25943
22342 28930
22436 28972
23959 17939
16374 9575
31396 10714
24290 4160
17828 15491
5212 6868
272 30721
15162 25809
29951 5806
25142 24813
27978 26242
15678 4666
30609 26888
23050 8569
4774 20184
5355 12718
22293 28733
6679 21729
25889 20921
3644 30970
5070 10949
