80
24248 13097
2749 3589
8354 21309
28881 11823
25077 17388
24477 30598
4028 22442
5684 6379
20656 27628
11465 28619
5562 7480
9877 8145
11007 13394
25360 11115
32717 6241
19338 2046
5635 24198
12739 22087
1143 13989
31377 8852
6682 26220
15895 23086
29465 10710
5570 21579
17430 17354
24834 17035
25180 22993
3619 1943
13059 3419
9660 28979
31025 13008
4438 28998
18318 3892
17881 17177
26029 19461
12913 16490
6808 32711
10653 28808
17619 3506
20860 16223
490 2282
25275 12926
14870 25670
29090 28894
25106 27929
8169 5982
2213 23363
27256 12608
29785 20531
7224 12369
28860 23047
22990 20137
16178 2900
6406 876
17099 1029
3311 27266
7425 17590
10492 28586
24713 22295
17456 6814
12797 17051
7646 25625
5465 15010
2773 2134
14504 2483
25530 9997
30134 10596
13496 15752
16628 13544
14574 19903
14401 960
18550 17885
13704 21826
11353 29042
3089 5649
22700 28809
21667 15886
30896 30346
32481 27132
29615 901
